0 0.633375 0.330792 0.015844 0.073509
0 0.202948 0.396773 0.020865 0.114435
0 0.256688 0.404384 0.020927 0.103102
0 0.621375 0.334384 0.027521 0.084843
0 0.539021 0.370431 0.030375 0.115398
0 0.761385 0.403792 0.031542 0.125750
0 0.738159 0.355958 0.024099 0.106361
0 0.347349 0.358810 0.038104 0.112898
0 0.683281 0.435662 0.025042 0.127991
0 0.680411 0.351069 0.018521 0.082083
0 0.457638 0.337782 0.023328 0.087213
0 0.304391 0.367426 0.023521 0.104185
0 0.626010 0.334676 0.029500 0.081352
0 0.458630 0.327741 0.020250 0.066389
0 0.768708 0.269722 0.020510 0.066537
0 0.107878 0.324926 0.024036 0.078944