0 0.110911 0.375042 0.020646 0.118639
0 0.372214 0.294352 0.019792 0.094463
0 0.620156 0.308495 0.018656 0.037454
0 0.650443 0.300301 0.020406 0.031991
0 0.308484 0.429384 0.029865 0.152194
0 0.559831 0.380278 0.022870 0.100333
0 0.316667 0.268333 0.018208 0.092389
0 0.137688 0.322690 0.021865 0.106528
0 0.707453 0.320866 0.025896 0.130269
0 0.331409 0.539185 0.030693 0.162889
0 0.054664 0.571255 0.061297 0.170231
0 0.003823 0.402472 0.007646 0.109944
0 0.438992 0.345069 0.021224 0.110694
0 0.628469 0.363505 0.019646 0.124417
0 0.649221 0.368815 0.023641 0.130593
0 0.401174 0.388264 0.022495 0.126046
