0 0.521974 0.289176 0.020271 0.068167
0 0.960859 0.484528 0.037365 0.051130
0 0.590068 0.273792 0.012323 0.068269
0 0.554651 0.193366 0.013875 0.054861
0 0.336747 0.498889 0.021516 0.087074
0 0.911734 0.255699 0.013521 0.070639
0 0.499885 0.411264 0.026281 0.105954
0 0.660018 0.292806 0.013839 0.070648
0 0.822906 0.238514 0.013240 0.062676
0 0.697995 0.250361 0.013135 0.063204
0 0.308927 0.467106 0.032896 0.097472
0 0.658010 0.476315 0.041427 0.102889
0 0.795687 0.368009 0.024354 0.098556
0 0.754878 0.327935 0.031682 0.089889
0 0.578872 0.284009 0.016161 0.076315
1 0.356766 0.434713 0.012823 0.021463
