0 0.106430 0.383319 0.034536 0.112787
0 0.761076 0.428972 0.023328 0.132852
0 0.196474 0.296606 0.020042 0.092620
0 0.073510 0.381824 0.027125 0.115185
0 0.499424 0.325037 0.021068 0.106241
0 0.508307 0.581806 0.029729 0.181630
0 0.589349 0.309222 0.015948 0.085870
0 0.515969 0.256130 0.019031 0.093981
0 0.170576 0.259264 0.027495 0.085213
0 0.099029 0.224796 0.022557 0.068926
0 0.148724 0.271162 0.026083 0.081454
0 0.126872 0.240458 0.021849 0.085213
0 0.210049 0.461639 0.038766 0.124056
1 0.574875 0.598556 0.017750 0.025889
