0 0.572570 0.496227 0.043703 0.057639
0 0.342424 0.373421 0.037359 0.087713
0 0.356172 0.274421 0.018323 0.062657
0 0.370622 0.265023 0.019036 0.058898
0 0.134133 0.277556 0.023964 0.053889
0 0.581497 0.573519 0.031745 0.116852
0 0.841339 0.310653 0.015677 0.078861
0 0.781771 0.248491 0.013688 0.066870
0 0.795732 0.268463 0.013641 0.069111
0 0.630719 0.242685 0.012781 0.056037
0 0.517161 0.397653 0.019802 0.079583
0 0.713826 0.408699 0.020547 0.102157
0 0.529276 0.262412 0.012198 0.055009
0 0.449299 0.230847 0.012974 0.049694
0 0.465917 0.526398 0.034729 0.110444
0 0.079708 0.298417 0.020240 0.065370
1 0.563763 0.639708 0.016214 0.021306