0 0.158961 0.375764 0.016786 0.052231
0 0.311419 0.491685 0.023630 0.099148
0 0.122721 0.576894 0.040464 0.139380
0 0.606878 0.499384 0.024068 0.119491
0 0.191833 0.576532 0.030208 0.147602
0 0.631953 0.557227 0.040271 0.125694
0 0.789310 0.400477 0.013370 0.066898
0 0.243154 0.643856 0.049151 0.160417
0 0.901484 0.392662 0.013437 0.062917
0 0.232581 0.437958 0.022526 0.071694
0 0.723190 0.447046 0.022870 0.082444
0 0.223370 0.597301 0.041323 0.124139
0 0.722328 0.398315 0.017031 0.041519
0 0.986445 0.700037 0.026536 0.188889
0 0.986133 0.643333 0.027734 0.301222
1 0.226706 0.641963 0.011620 0.019222
0 0.490771 0.466204 0.022479 0.100000
0 0.050206 0.650708 0.047578 0.150972
0 0.194341 0.441667 0.025932 0.082259
0 0.943635 0.444556 0.020365 0.101148
