0 0.695883 0.633148 0.039568 0.156315
0 0.751159 0.646519 0.037099 0.139389
0 0.142266 0.534819 0.021000 0.089213
0 0.670323 0.640167 0.033333 0.139278
0 0.795948 0.588153 0.025937 0.048694
0 0.261701 0.648046 0.031234 0.142537
0 0.915250 0.673435 0.040104 0.155037
0 0.795008 0.656412 0.030974 0.140546
0 0.194388 0.622106 0.022349 0.141713
0 0.235799 0.723981 0.035266 0.189426
1 0.217305 0.452394 0.018214 0.023639
0 0.645581 0.600204 0.033161 0.123870
0 0.600776 0.631551 0.042438 0.139602
0 0.694367 0.560042 0.025766 0.041176
0 0.859398 0.611324 0.026380 0.135778
0 0.891758 0.622296 0.022120 0.125463
