0 0.780372 0.426616 0.021609 0.073139
0 0.502698 0.751208 0.039573 0.219806
0 0.709310 0.421301 0.019547 0.067028
0 0.639172 0.550727 0.031229 0.130231
0 0.475193 0.482333 0.016969 0.104241
0 0.658732 0.464481 0.015964 0.054389
0 0.871458 0.416634 0.017062 0.071287
0 0.736047 0.408690 0.016260 0.054806
0 0.805938 0.410815 0.012604 0.066130
0 0.993917 0.462009 0.012167 0.097315
0 0.515461 0.412815 0.016349 0.067222
0 0.826229 0.414009 0.017323 0.076407
1 0.493536 0.527417 0.007615 0.013963
0 0.823396 0.415116 0.011438 0.074120
0 0.835927 0.426944 0.013500 0.076593
0 0.848414 0.409176 0.013016 0.064167
0 0.468216 0.387792 0.012693 0.054398
0 0.965638 0.473870 0.021370 0.104056
