0 0.686016 0.486926 0.031469 0.116093
0 0.323599 0.712292 0.066250 0.159343
0 0.441331 0.465056 0.021120 0.100111
1 0.462841 0.888310 0.020880 0.030139
0 0.734177 0.474315 0.020521 0.099204
0 0.426372 0.818977 0.074297 0.225917
0 0.934341 0.583083 0.037589 0.165963
0 0.866339 0.412042 0.017510 0.070787
0 0.753167 0.393093 0.015000 0.064870
0 0.394878 0.376829 0.016016 0.057898
0 0.224388 0.475958 0.030724 0.078120
0 0.279346 0.485481 0.023453 0.071000
0 0.639568 0.404384 0.015990 0.079102
0 0.966263 0.344130 0.013755 0.048537
0 0.465810 0.468995 0.017901 0.100546
