0 0.661333 0.304361 0.014177 0.060778
0 0.795641 0.505199 0.030125 0.123824
0 0.525146 0.480759 0.045188 0.130685
0 0.581328 0.403764 0.024073 0.095565
0 0.281151 0.696292 0.043427 0.209213
0 0.292349 0.371060 0.019781 0.079380
0 0.610594 0.670644 0.042333 0.201083
0 0.830505 0.366088 0.017052 0.074824
0 0.373242 0.358810 0.018682 0.071509
0 0.435349 0.333630 0.017156 0.071093
0 0.910813 0.305389 0.015510 0.057963
0 0.557117 0.311417 0.014422 0.049667
0 0.104130 0.687370 0.055552 0.188704
0 0.204518 0.309130 0.016464 0.053259
0 0.172984 0.532981 0.036687 0.113704
0 0.986323 0.296042 0.013510 0.045287
1 0.152422 0.561176 0.011312 0.017389
0 0.664305 0.271699 0.009786 0.030806
0 0.130076 0.500185 0.032641 0.093111
