0 0.439898 0.435995 0.016922 0.075454
0 0.997477 0.505171 0.005047 0.099472
0 0.132807 0.537009 0.022365 0.104167
0 0.967159 0.471806 0.025724 0.093352
0 0.661674 0.480917 0.018755 0.097593
0 0.768380 0.482671 0.021083 0.101343
0 0.613706 0.486194 0.021089 0.098500
0 0.322443 0.478745 0.017385 0.089954
0 0.105708 0.543051 0.023510 0.114491
0 0.803339 0.420347 0.013083 0.064509
0 0.897680 0.486870 0.020016 0.094278
0 0.903383 0.421356 0.013047 0.060954
0 0.927943 0.391528 0.012104 0.053870
0 0.992836 0.417426 0.013870 0.063537
