0 0.469172 0.495162 0.016281 0.070435
0 0.424906 0.481889 0.016000 0.057815
0 0.069135 0.927199 0.043500 0.144750
0 0.617039 0.454546 0.014297 0.053278
0 0.592000 0.470875 0.014625 0.031676
0 0.406547 0.528602 0.019885 0.084463
0 0.717922 0.852944 0.045312 0.198815
0 0.898112 0.627542 0.030057 0.124083
0 0.103674 0.543801 0.018016 0.085009
0 0.451133 0.603370 0.023880 0.114907
0 0.783492 0.560125 0.018682 0.093157
0 0.143073 0.572551 0.020698 0.101602
0 0.306940 0.532653 0.015391 0.080491
0 0.950771 0.647074 0.031031 0.126185
0 0.486474 0.503708 0.016667 0.074269
0 0.590352 0.513375 0.021682 0.069639
0 0.399273 0.607611 0.025182 0.119815
0 0.219878 0.825301 0.043818 0.188046
