0 0.385734 0.566264 0.022000 0.142861
0 0.115292 0.568769 0.019812 0.144389
0 0.784297 0.560491 0.020865 0.157852
0 0.571664 0.559944 0.027099 0.149389
0 0.346745 0.567065 0.019104 0.147556
0 0.075747 0.575819 0.019089 0.138046
0 0.488060 0.561537 0.025807 0.149741
0 0.981755 0.556088 0.022719 0.158935
0 0.894539 0.556694 0.019776 0.154093
0 0.753984 0.568444 0.019437 0.132037
0 0.653471 0.557847 0.019901 0.159843
0 0.325417 0.562389 0.019979 0.155352
0 0.288526 0.568833 0.025135 0.140389
0 0.528628 0.564847 0.021932 0.149361
0 0.736159 0.557727 0.020651 0.152435
0 0.929456 0.572833 0.034089 0.126981
1 0.530753 0.626171 0.009911 0.019694
1 0.887630 0.441875 0.007573 0.010843
0 0.690018 0.563824 0.023266 0.143704
0 0.820471 0.556051 0.027609 0.159324
0 0.605664 0.560093 0.025224 0.157204
0 0.862005 0.562565 0.022010 0.150741
0 0.422721 0.560588 0.030057 0.157583
0 0.460784 0.567403 0.019109 0.143306
0 0.248250 0.562338 0.021979 0.157176
0 0.152966 0.567116 0.019943 0.145639
0 0.190667 0.564403 0.019771 0.151731
