0 0.309169 0.687917 0.026339 0.133593
0 0.948859 0.508069 0.021531 0.063861
0 0.256555 0.601079 0.020453 0.093769
1 0.129461 0.653602 0.009672 0.013500
0 0.896685 0.511190 0.011589 0.069954
0 0.761784 0.536222 0.013568 0.049981
0 0.245185 0.625171 0.030047 0.099602
0 0.411430 0.701875 0.036099 0.153620
0 0.924797 0.788912 0.048448 0.224287
0 0.502919 0.631634 0.022734 0.116880
0 0.122057 0.619167 0.029844 0.095981
0 0.800784 0.511213 0.019870 0.079815
0 0.770177 0.581519 0.022458 0.110778
0 0.723656 0.499407 0.018687 0.077130
0 0.674482 0.539796 0.017526 0.082889
0 0.411151 0.604583 0.022573 0.084944
0 0.913307 0.513116 0.021021 0.076176
