0 0.598466 0.598579 0.040859 0.205361
0 0.945773 0.419630 0.030432 0.129815
0 0.314563 0.422042 0.020240 0.125269
0 0.360573 0.375333 0.023823 0.095259
0 0.263648 0.464736 0.022328 0.144269
0 0.626698 0.398236 0.020531 0.102917
0 0.053122 0.435139 0.033193 0.130630
0 0.435305 0.426694 0.026797 0.128611
0 0.190122 0.484639 0.037214 0.146352
1 0.005531 0.420694 0.010063 0.013500
1 0.028404 0.422727 0.009682 0.014250
0 0.608417 0.384315 0.016937 0.095000
0 0.194904 0.393509 0.026068 0.069759
0 0.596161 0.398588 0.017906 0.119454
0 0.985599 0.585032 0.028646 0.203176
0 0.418503 0.387634 0.019099 0.100009
