0 0.748779 0.084412 0.011193 0.043787
0 0.330958 0.794551 0.075146 0.327565
0 0.337810 0.174616 0.018818 0.081176
0 0.750982 0.134787 0.012047 0.077815
0 0.656083 0.169356 0.015917 0.082713
0 0.035878 0.119116 0.016089 0.076028
1 0.484641 0.164981 0.005396 0.010537
0 0.578323 0.285421 0.020979 0.134509
0 0.423396 0.115546 0.012604 0.065852
0 0.590945 0.107028 0.012318 0.061963
0 0.496443 0.133579 0.016573 0.076435
0 0.256214 0.084574 0.011531 0.044704
0 0.396122 0.112769 0.011807 0.062759
0 0.513820 0.085301 0.010474 0.051602
0 0.952469 0.168500 0.024323 0.099389
0 0.849534 0.128745 0.017474 0.069213
0 0.473276 0.084366 0.013823 0.048528
0 0.134266 0.107398 0.014510 0.039185
0 0.442581 0.794667 0.059276 0.309593
