0 0.452461 0.487949 0.016661 0.071472
0 0.568633 0.458940 0.013745 0.062028
0 0.703943 0.437472 0.023344 0.056167
0 0.927333 0.490000 0.023417 0.101574
0 0.937724 0.500843 0.017969 0.092778
0 0.123107 0.425398 0.014099 0.046093
0 0.933680 0.499065 0.023599 0.095778
0 0.083065 0.546551 0.021443 0.125546
0 0.565951 0.780403 0.051755 0.221769
0 0.972654 0.519616 0.030422 0.117880
0 0.673789 0.503713 0.023870 0.100907
0 0.434578 0.542139 0.028344 0.126463
0 0.641406 0.522431 0.027708 0.108102
0 0.511271 0.563139 0.025906 0.128574
0 0.239583 0.508870 0.033854 0.092185
0 0.534026 0.462593 0.022729 0.063889
0 0.770583 0.456907 0.019823 0.070463
0 0.627982 0.489361 0.019036 0.094926
0 0.359560 0.483847 0.022849 0.077102
0 0.117698 0.465556 0.017781 0.079056
1 0.359719 0.512532 0.007625 0.012824
