0 0.374831 0.290532 0.010870 0.052583
0 0.466255 0.281505 0.012667 0.035583
0 0.349943 0.324653 0.012052 0.069824
1 0.474799 0.370894 0.008214 0.011417
0 0.370049 0.324852 0.016849 0.071519
0 0.631677 0.319315 0.012240 0.065019
0 0.468318 0.334986 0.016698 0.085565
0 0.414109 0.377810 0.018823 0.097917
0 0.681396 0.725718 0.062219 0.230250
0 0.723539 0.362199 0.013297 0.083398
0 0.784599 0.324514 0.015417 0.069602
0 0.672643 0.289194 0.011141 0.049630
0 0.727982 0.287736 0.012818 0.051287
0 0.489021 0.306847 0.010219 0.065435
0 0.843724 0.295514 0.011531 0.061213
0 0.483484 0.454926 0.023927 0.113426
0 0.604284 0.377097 0.014745 0.090787
0 0.592432 0.354782 0.015406 0.075731
0 0.342711 0.301759 0.014609 0.067370