0 0.914240 0.343481 0.020094 0.094296
0 0.113802 0.424287 0.025104 0.142056
1 0.897922 0.379782 0.007833 0.013343
0 0.807828 0.494588 0.027208 0.185231
0 0.825180 0.497963 0.023203 0.189778
0 0.494172 0.512977 0.027385 0.189065
0 0.518852 0.524458 0.033568 0.180343
0 0.292885 0.425023 0.023885 0.131417
0 0.397310 0.515986 0.031234 0.159694
0 0.580789 0.490106 0.031307 0.171991
0 0.626469 0.495792 0.034615 0.096102
0 0.511258 0.521681 0.019578 0.180120
0 0.884555 0.333685 0.018839 0.097741
0 0.359625 0.405778 0.025875 0.102870
0 0.174016 0.417722 0.019260 0.120963
0 0.153328 0.415903 0.028677 0.127917
0 0.440672 0.468819 0.025521 0.158343
