0 0.100589 0.636472 0.022729 0.120204
0 0.765354 0.616838 0.028010 0.128454
0 0.315370 0.638255 0.036802 0.147880
0 0.719648 0.609222 0.019693 0.123241
0 0.482674 0.643051 0.022234 0.140324
0 0.791151 0.921394 0.050031 0.156713
0 0.969487 0.653602 0.037901 0.148167
0 0.050750 0.714227 0.030656 0.174250
0 0.856422 0.699509 0.030208 0.162222
0 0.069521 0.668639 0.024531 0.133481
0 0.725102 0.527259 0.014932 0.075185
1 0.421724 0.708792 0.012115 0.018287
0 0.594060 0.600301 0.017453 0.107546
0 0.630875 0.604500 0.025094 0.114019
0 0.879544 0.568366 0.018911 0.095361
0 0.827961 0.605097 0.021526 0.115509
0 0.646318 0.675981 0.029885 0.131278
