0 0.342326 0.210440 0.021193 0.108028
0 0.907802 0.246819 0.024427 0.126102
0 0.615529 0.478120 0.043953 0.218500
0 0.797823 0.249736 0.027313 0.126361
0 0.933568 0.143829 0.015542 0.075491
0 0.591453 0.939106 0.086688 0.119009
0 0.987586 0.081662 0.012443 0.058843
0 0.384214 0.128569 0.016521 0.073620
1 0.247023 0.697894 0.026380 0.049898
0 0.816477 0.563023 0.035245 0.272769
0 0.409661 0.214806 0.021448 0.100537
0 0.768880 0.145875 0.014698 0.072787
0 0.080969 0.489523 0.046271 0.211528
0 0.285995 0.827236 0.095031 0.337065
0 0.545966 0.176111 0.023839 0.103722
0 0.515974 0.272778 0.023344 0.135093
0 0.697786 0.227759 0.020677 0.104130
