0 0.782198 0.399532 0.019031 0.067731
0 0.330156 0.395861 0.029938 0.082241
0 0.095086 0.581366 0.035828 0.157361
0 0.420544 0.437630 0.022484 0.100074
0 0.118885 0.595991 0.034656 0.161685
0 0.436130 0.631792 0.040583 0.163417
1 0.652466 0.704074 0.013714 0.022926
0 0.542938 0.491769 0.031687 0.109759
0 0.932904 0.439269 0.030120 0.094296
0 0.612867 0.462870 0.033839 0.108759
0 0.271021 0.519157 0.040937 0.115407
0 0.627794 0.639606 0.057797 0.172417
0 0.475818 0.523495 0.022802 0.136454
0 0.035130 0.626875 0.035281 0.160120
0 0.404023 0.515912 0.032755 0.130102
0 0.692273 0.408528 0.023370 0.066019
