0 0.780544 0.480042 0.027099 0.157509
0 0.512984 0.566630 0.028281 0.204352
0 0.894583 0.432319 0.027375 0.081528
0 0.491187 0.573875 0.029260 0.200639
1 0.842758 0.747681 0.019120 0.030287
0 0.483208 0.574713 0.037906 0.196685
0 0.953732 0.558384 0.036786 0.226157
0 0.192727 0.615375 0.039786 0.202917
0 0.725625 0.502528 0.031604 0.156556
0 0.990133 0.668625 0.019734 0.232750
0 0.894714 0.712208 0.045698 0.228213
0 0.651565 0.505366 0.030786 0.174528
0 0.145154 0.612111 0.035651 0.187759
0 0.804794 0.484958 0.026516 0.157361
0 0.693206 0.505139 0.031203 0.170611
0 0.894344 0.519190 0.030073 0.160028
0 0.467914 0.576176 0.029068 0.197667
