0 0.395661 0.934208 0.057260 0.125157
0 0.397729 0.309495 0.011865 0.050972
0 0.198555 0.413102 0.029620 0.094111
0 0.270982 0.505069 0.023984 0.127157
0 0.086727 0.659454 0.063422 0.170278
0 0.821458 0.404870 0.022573 0.090130
0 0.158255 0.401542 0.020750 0.070250
0 0.258008 0.382565 0.016755 0.075852
0 0.676365 0.361653 0.014312 0.072991
0 0.896943 0.564417 0.034188 0.153167
0 0.569810 0.504023 0.028891 0.133676
0 0.326490 0.345269 0.014208 0.057611
0 0.431159 0.332199 0.012703 0.055657
0 0.072211 0.332713 0.014672 0.051259
0 0.682143 0.302366 0.010068 0.042713
0 0.152878 0.291185 0.008203 0.033222
1 0.875128 0.599005 0.012276 0.017769
0 0.155628 0.323190 0.013026 0.040824
0 0.403154 0.294616 0.008578 0.027806
