0 0.135076 0.773903 0.048943 0.210602
0 0.323659 0.560023 0.029828 0.129880
0 0.746573 0.496588 0.022052 0.105491
0 0.827070 0.455130 0.014661 0.081019
0 0.570815 0.491921 0.022203 0.106454
0 0.348016 0.502755 0.022167 0.103491
0 0.573422 0.654588 0.046917 0.158694
0 0.470854 0.453639 0.015906 0.069407
0 0.506185 0.493588 0.020464 0.093157
0 0.411042 0.410551 0.013896 0.049935
0 0.273307 0.495500 0.016531 0.090204
0 0.199302 0.450310 0.017208 0.062991
0 0.004016 0.526319 0.008031 0.105435
0 0.272448 0.444745 0.013187 0.041676
0 0.178990 0.388574 0.011000 0.048889
1 0.582792 0.536301 0.008333 0.013991
