0 0.211398 0.433648 0.033703 0.150259
0 0.701477 0.848255 0.059401 0.297657
0 0.551354 0.535861 0.037354 0.185278
0 0.296427 0.832384 0.061302 0.294935
0 0.184805 0.598227 0.036547 0.202065
0 0.637698 0.658431 0.079740 0.233861
0 0.397570 0.593509 0.030047 0.229500
0 0.312727 0.590986 0.033224 0.181157
0 0.247063 0.589079 0.042552 0.207750
0 0.345516 0.576903 0.036073 0.207120
0 0.975000 0.440176 0.028708 0.126981
0 0.685578 0.476875 0.029490 0.143324
0 0.295865 0.505231 0.033135 0.165963
0 0.080979 0.800898 0.057260 0.283426
0 0.155245 0.652778 0.042667 0.115093
1 0.343706 0.668241 0.014849 0.022037
