0 0.686755 0.465097 0.020813 0.112380
0 0.763951 0.402917 0.018245 0.090556
0 0.527786 0.421361 0.017271 0.104963
0 0.515339 0.444120 0.019646 0.088796
0 0.578641 0.373620 0.014646 0.068444
0 0.659628 0.372162 0.015734 0.072120
0 0.864026 0.868560 0.058417 0.252324
0 0.357685 0.567671 0.028130 0.154583
0 0.325266 0.368634 0.015979 0.070935
0 0.488646 0.398935 0.017510 0.082222
0 0.301638 0.398824 0.018068 0.090648
0 0.722357 0.478852 0.027339 0.118741
0 0.616875 0.400870 0.016167 0.080759
0 0.524958 0.387472 0.022625 0.036833
0 0.474102 0.539667 0.026255 0.124759
0 0.941513 0.438389 0.023568 0.107296
1 0.397508 0.633898 0.015234 0.027074
