0 0.309870 0.537528 0.014510 0.071963
0 0.071141 0.478630 0.010438 0.042667
0 0.055797 0.912671 0.038917 0.170731
0 0.315732 0.805296 0.042526 0.200481
1 0.314417 0.720315 0.015958 0.026222
0 0.629820 0.962130 0.046391 0.075741
0 0.786562 0.424236 0.009771 0.034417
0 0.684367 0.555583 0.019130 0.088389
0 0.390620 0.451394 0.011250 0.047657
0 0.691638 0.471657 0.009797 0.048722
0 0.609521 0.471264 0.010312 0.048065
0 0.210560 0.683556 0.030255 0.136185
0 0.833453 0.553861 0.022260 0.098463
0 0.018490 0.593454 0.021802 0.098796
0 0.569690 0.654519 0.024922 0.116907
0 0.464391 0.606454 0.031552 0.108426
0 0.102688 0.583352 0.021073 0.086907
0 0.811073 0.655153 0.032542 0.138398
0 0.944565 0.530542 0.020120 0.090380
0 0.372065 0.542958 0.020172 0.073231
0 0.645888 0.550958 0.020276 0.087657
0 0.674740 0.635806 0.025344 0.125222
0 0.438393 0.510120 0.014984 0.076815
