1 0.406919 0.512426 0.008349 0.012370
0 0.654833 0.384148 0.009677 0.037463
0 0.821914 0.405417 0.012516 0.045667
0 0.605156 0.409907 0.010604 0.038074
0 0.832247 0.490755 0.019141 0.083028
0 0.872065 0.462736 0.015651 0.062176
0 0.604357 0.461514 0.012714 0.076694
0 0.074557 0.442870 0.019708 0.061019
0 0.787143 0.440611 0.012734 0.057778
0 0.365349 0.553944 0.023073 0.097111
0 0.685841 0.508759 0.018776 0.092259
0 0.554557 0.524745 0.027406 0.090231
0 0.986505 0.621935 0.026615 0.136630
0 0.245703 0.705199 0.040719 0.175380
0 0.395216 0.480528 0.028432 0.075259
0 0.633484 0.670278 0.032437 0.158963
0 0.781930 0.509185 0.018318 0.093222