1 0.364638 0.515782 0.008484 0.014565
0 0.303779 0.576551 0.030328 0.137806
0 0.326255 0.570801 0.030708 0.140139
0 0.273591 0.501565 0.022995 0.101704
0 0.090484 0.563412 0.030510 0.126972
0 0.919937 0.589069 0.026615 0.139306
0 0.177510 0.666370 0.032802 0.177352
0 0.509919 0.538000 0.030089 0.126852
0 0.622096 0.574060 0.026734 0.134731
0 0.710531 0.547069 0.023844 0.117009
0 0.383367 0.487352 0.022568 0.082556
0 0.568089 0.508954 0.021073 0.105963
0 0.308396 0.488588 0.020208 0.073639
0 0.407771 0.481792 0.018854 0.068861
