0 0.318281 0.857764 0.048792 0.273917
0 0.191383 0.405782 0.024786 0.111843
0 0.860724 0.386074 0.033240 0.114185
0 0.762326 0.649880 0.038745 0.261444
0 0.379747 0.378245 0.019453 0.098009
0 0.943352 0.483324 0.042047 0.162741
0 0.518143 0.384519 0.024349 0.106796
0 0.744695 0.463120 0.030484 0.150574
0 0.610940 0.339963 0.018880 0.069259
0 0.377448 0.473060 0.032052 0.143769
0 0.356427 0.380148 0.020021 0.098185
0 0.765419 0.342977 0.015932 0.085417
0 0.410562 0.516838 0.038292 0.147380
0 0.153070 0.727616 0.039297 0.243454
0 0.022844 0.487472 0.032063 0.148315
0 0.783727 0.284278 0.015953 0.060556
0 0.507247 0.333565 0.012089 0.077593
0 0.006909 0.471014 0.013693 0.138991
1 0.734747 0.737861 0.017557 0.029870
0 0.045302 0.336625 0.020792 0.083028
