0 0.882643 0.687134 0.038797 0.178639
0 0.294638 0.478412 0.017453 0.084602
0 0.046060 0.545792 0.020849 0.095565
0 0.351432 0.471745 0.015406 0.077417
0 0.177065 0.671713 0.058266 0.151926
0 0.823781 0.668324 0.030937 0.179481
0 0.463477 0.450648 0.015797 0.075833
0 0.571120 0.437991 0.015740 0.058833
0 0.164396 0.431593 0.012917 0.058259
0 0.869143 0.435875 0.028484 0.065454
1 0.424617 0.608708 0.009297 0.016398
0 0.650870 0.493194 0.017073 0.090741
0 0.636927 0.514940 0.018229 0.090065
0 0.639523 0.433764 0.017703 0.033361
0 0.548846 0.581875 0.037557 0.112028
0 0.325138 0.561231 0.033609 0.077778
0 0.067732 0.653204 0.026693 0.150815
0 0.257872 0.539630 0.026432 0.082926
0 0.435036 0.562764 0.030125 0.113583
0 0.691401 0.388792 0.016813 0.043713
