0 0.781776 0.573796 0.032271 0.148778
0 0.687854 0.463912 0.019021 0.094324
0 0.863206 0.577495 0.030182 0.132991
0 0.659617 0.402056 0.012068 0.067741
0 0.502573 0.473278 0.022927 0.101685
0 0.435076 0.760069 0.040932 0.218565
0 0.817471 0.421032 0.011995 0.078306
0 0.251031 0.403560 0.012031 0.065454
0 0.213958 0.434875 0.013833 0.084417
0 0.016456 0.405866 0.012266 0.064546
0 0.807049 0.394111 0.012474 0.063556
0 0.743339 0.382079 0.011885 0.051102
0 0.263328 0.384310 0.010604 0.048361
0 0.443003 0.375273 0.010724 0.051380
0 0.378081 0.407991 0.012714 0.063574
0 0.507193 0.368833 0.009792 0.045185
0 0.485768 0.394421 0.011526 0.049213
0 0.485385 0.437681 0.017531 0.042898
0 0.223773 0.351796 0.009047 0.037870
