0 0.420312 0.514352 0.017708 0.082407
0 0.674479 0.599537 0.036458 0.095370
0 0.842969 0.642130 0.024479 0.104630
0 0.814063 0.556481 0.032292 0.088889
0 0.458073 0.601389 0.017188 0.093519
0 0.390625 0.443056 0.016667 0.065741
0 0.338828 0.516157 0.023385 0.082315
0 0.251563 0.496296 0.022917 0.075926
0 0.647135 0.432870 0.019271 0.056481
0 0.438802 0.461574 0.022396 0.062037
0 0.763888 0.513963 0.021755 0.083796
0 0.622656 0.406019 0.016146 0.058333
1 0.396516 0.466694 0.006021 0.009593
0 0.916641 0.750694 0.041615 0.118056
0 0.773021 0.547037 0.020625 0.078148
0 0.306771 0.606944 0.026042 0.093519
0 0.236198 0.788889 0.034896 0.118519