0 0.704490 0.671153 0.018563 0.111398
0 0.872656 0.487037 0.019271 0.085185
0 0.531250 0.414815 0.018750 0.075926
0 0.806250 0.480093 0.025000 0.087963
0 0.522656 0.713889 0.043229 0.125926
0 0.945833 0.563426 0.023958 0.100926
0 0.434635 0.630556 0.023438 0.087037
0 0.259896 0.637037 0.027083 0.101852
1 0.264750 0.681801 0.008448 0.016454
0 0.529760 0.628495 0.032198 0.098731
0 0.275521 0.606944 0.020833 0.095370
0 0.516146 0.510648 0.031250 0.087963
0 0.585677 0.761574 0.034896 0.125000
0 0.790625 0.862500 0.045833 0.152778
0 0.712276 0.613662 0.015885 0.075269