0 0.483594 0.744444 0.031771 0.137037
1 0.648229 0.507847 0.008646 0.013750
0 0.207031 0.526389 0.021354 0.102778
0 0.388281 0.530556 0.026562 0.172222
0 0.365104 0.534722 0.020833 0.089815
0 0.314323 0.630556 0.022396 0.105556
0 0.568750 0.624537 0.020833 0.102778
0 0.197396 0.543519 0.021875 0.105556
0 0.416406 0.524537 0.016146 0.089815
0 0.494792 0.533796 0.021875 0.104630
0 0.766667 0.749074 0.022917 0.114815
0 0.344531 0.663889 0.023438 0.118519
0 0.328906 0.592130 0.022396 0.123148
0 0.242969 0.523148 0.020313 0.098148
0 0.545807 0.527176 0.023906 0.089537
0 0.388021 0.564352 0.025000 0.100926
1 0.555122 0.567986 0.036724 0.099657
0 0.695060 0.471588 0.027234 0.041676
