0 0.221875 0.359259 0.016667 0.074074
0 0.592187 0.605556 0.026042 0.122222
0 0.590625 0.719907 0.019792 0.125000
0 0.995313 0.465278 0.008333 0.089815
0 0.965365 0.201852 0.019271 0.061111
0 0.071094 0.434722 0.015104 0.082407
0 0.730234 0.401343 0.016615 0.076944
0 0.163281 0.344444 0.013021 0.059259
0 0.178581 0.395722 0.021911 0.047611
0 0.393229 0.471296 0.021875 0.088889
1 0.489977 0.428884 0.007307 0.012380
0 0.233854 0.605556 0.019792 0.107407
0 0.272135 0.449074 0.015104 0.083333
0 0.557813 0.397685 0.027083 0.080556
0 0.125521 0.559722 0.019792 0.112037
0 0.631510 0.466204 0.018229 0.087963
0 0.690885 0.471759 0.018229 0.087963
0 0.253906 0.448148 0.017188 0.081481
