0 0.628135 0.419384 0.017729 0.058824
0 0.652518 0.444718 0.015047 0.058898
1 0.470409 0.317046 0.006380 0.010741
0 0.499740 0.554630 0.018229 0.079630
0 0.370573 0.469907 0.025521 0.067593
0 0.419792 0.586574 0.026042 0.089815
0 0.619010 0.495833 0.020313 0.078704
0 0.887760 0.704167 0.022396 0.106481
0 0.884635 0.583796 0.025521 0.095370
0 0.160938 0.610648 0.020833 0.102778
0 0.740104 0.478704 0.028125 0.072222
0 0.851562 0.531944 0.021875 0.097222
0 0.824740 0.564352 0.022396 0.093519
0 0.262917 0.465509 0.027292 0.078241
0 0.662708 0.446759 0.014167 0.056481
0 0.640937 0.386019 0.018125 0.047963
0 0.515466 0.523731 0.019578 0.084574
0 0.269063 0.541111 0.020208 0.082593