0 0.405208 0.373611 0.020833 0.087963
0 0.538281 0.368056 0.014063 0.067593
0 0.562500 0.373611 0.013542 0.063889
0 0.709635 0.436574 0.022396 0.087963
0 0.832812 0.702778 0.030208 0.124074
0 0.343229 0.427315 0.018750 0.093519
0 0.626823 0.511111 0.020313 0.109259
0 0.861198 0.486111 0.030729 0.105556
0 0.926823 0.447685 0.030729 0.095370
0 0.721875 0.506481 0.028125 0.092593
0 0.269010 0.365741 0.017188 0.081481
0 0.437240 0.429167 0.023438 0.093519
0 0.524479 0.419444 0.020833 0.079630
0 0.277083 0.608333 0.028125 0.120370
0 0.240104 0.150463 0.019792 0.062037
0 0.694271 0.339815 0.019792 0.066667
0 0.740365 0.350000 0.017188 0.074074