0 0.733854 0.456481 0.031250 0.057407
0 0.270313 0.539815 0.044792 0.075926
0 0.933594 0.686111 0.023438 0.090741
0 0.947135 0.623611 0.021354 0.087963
0 0.778125 0.495833 0.027083 0.075000
0 0.008958 0.388958 0.017917 0.060435
0 0.454349 0.453889 0.017344 0.057037
0 0.710104 0.430463 0.028750 0.055370
0 0.500495 0.472264 0.025240 0.064620
0 0.235461 0.450727 0.022214 0.064620
0 0.361161 0.524315 0.019188 0.096926
0 0.630792 0.449028 0.026510 0.056185
0 0.649078 0.419472 0.020240 0.058426
0 0.645732 0.389546 0.026089 0.052444
0 0.447937 0.442296 0.025823 0.073778
0 0.575521 0.490278 0.016667 0.065741
0 0.595052 0.401667 0.018229 0.057778
0 0.551042 0.536574 0.027083 0.073148
0 0.158333 0.480556 0.015625 0.077778
0 0.314063 0.444444 0.015625 0.064815
