0 0.521615 0.402963 0.011979 0.068148
0 0.460417 0.448148 0.013542 0.074074
0 0.914062 0.527778 0.015625 0.088889
0 0.362240 0.366667 0.010937 0.059259
0 0.723177 0.195370 0.018229 0.051852
0 0.598698 0.589352 0.023438 0.106481
0 0.394792 0.499074 0.018750 0.090741
0 0.750521 0.548611 0.021875 0.099074
0 0.258333 0.420833 0.019792 0.078704
0 0.865625 0.443056 0.017708 0.080556
0 0.040365 0.602315 0.025521 0.110185
0 0.332813 0.404630 0.016667 0.085185
0 0.553385 0.435185 0.013021 0.074074
0 0.099219 0.483796 0.020313 0.084259
0 0.814844 0.462963 0.018229 0.085185
0 0.067708 0.343981 0.013542 0.063889
0 0.149479 0.408796 0.016667 0.078704
0 0.652344 0.381481 0.011979 0.068519
0 0.606510 0.433796 0.015104 0.084259
0 0.412010 0.376356 0.011583 0.037009
0 0.422755 0.379792 0.017969 0.061787
0 0.434341 0.363671 0.014276 0.052231
0 0.190625 0.363426 0.015625 0.062037