0 0.021875 0.579630 0.033333 0.096296
0 0.639323 0.375926 0.025521 0.057407
0 0.157812 0.431481 0.025000 0.064815
0 0.140625 0.404630 0.017708 0.072222
0 0.862500 0.406481 0.017708 0.064815
0 0.967969 0.490278 0.030729 0.075000
0 0.263802 0.598148 0.030729 0.098148
0 0.667188 0.537037 0.021875 0.087037
0 0.081771 0.454167 0.025000 0.080556
0 0.127865 0.825000 0.026562 0.116667
0 0.914583 0.448148 0.023958 0.068519
0 0.451302 0.954167 0.023438 0.091667
0 0.510938 0.437500 0.023958 0.067593
0 0.777083 0.737500 0.042708 0.087963
0 0.248354 0.277806 0.012812 0.044352
1 0.551651 0.685296 0.008531 0.018537
0 0.531979 0.640093 0.044167 0.091296
0 0.558937 0.640005 0.023396 0.075306
0 0.248958 0.574537 0.030208 0.086111