0 0.903099 0.375463 0.020885 0.069444
0 0.597656 0.509259 0.018229 0.087037
0 0.739583 0.538426 0.022917 0.100926
0 0.791146 0.621296 0.027083 0.129630
0 0.944010 0.664352 0.023438 0.110185
0 0.697656 0.528704 0.018229 0.101852
0 0.985938 0.750463 0.026042 0.128704
0 0.664844 0.626389 0.033854 0.145370
0 0.538802 0.516667 0.020313 0.103704
0 0.645573 0.504630 0.018229 0.092593
0 0.590885 0.603704 0.029687 0.112963
0 0.863281 0.705093 0.024479 0.115741
0 0.690885 0.803704 0.035937 0.137037
1 0.399740 0.543519 0.009896 0.020370
0 0.526375 0.561241 0.021500 0.095667
0 0.781570 0.591685 0.023630 0.102741
0 0.323177 0.496296 0.021354 0.088889
0 0.777385 0.512722 0.038646 0.091667
0 0.845453 0.493227 0.037604 0.076194