0 0.775404 0.368079 0.014536 0.071769
0 0.970339 0.625787 0.047865 0.098426
0 0.532813 0.535648 0.026042 0.087963
0 0.787760 0.443519 0.018229 0.075926
0 0.353906 0.398148 0.026562 0.075926
0 0.557031 0.440741 0.017188 0.070370
1 0.216667 0.630093 0.009375 0.019444
0 0.980602 0.566977 0.026839 0.087472
0 0.932552 0.483333 0.020313 0.075926
0 0.184115 0.616204 0.026562 0.102778
0 0.632292 0.479167 0.017708 0.084259
0 0.463021 0.305556 0.016667 0.051852
0 0.966406 0.483796 0.020313 0.080556
0 0.737940 0.331301 0.013422 0.065806
