0 0.802865 0.974074 0.033854 0.051852
0 0.351042 0.440741 0.017708 0.061111
0 0.895573 0.505556 0.016146 0.074074
0 0.919531 0.613426 0.025521 0.087963
0 0.921615 0.513426 0.015104 0.069444
0 0.957552 0.401389 0.013021 0.049074
0 0.870833 0.423148 0.013542 0.046296
0 0.810417 0.691204 0.027083 0.056481
0 0.651979 0.666116 0.013104 0.095398
1 0.363943 0.522394 0.006917 0.011824
0 0.639271 0.663889 0.015000 0.100000
0 0.797396 0.551852 0.018750 0.077778
0 0.451823 0.342315 0.011979 0.045000
0 0.277865 0.638426 0.017188 0.095370
0 0.348698 0.602778 0.022396 0.092593
0 0.570573 0.619907 0.018229 0.082407
0 0.866927 0.700926 0.018229 0.100000