0 0.200260 0.527315 0.017188 0.087963
0 0.430729 0.476852 0.021875 0.077778
0 0.048698 0.606944 0.021354 0.100926
0 0.537240 0.438426 0.023438 0.073148
0 0.226042 0.427778 0.013542 0.074074
0 0.098437 0.372222 0.012500 0.061111
0 0.112328 0.307412 0.009906 0.051806
1 0.761313 0.578509 0.008948 0.017889
0 0.498437 0.926852 0.023958 0.142593
0 0.213542 0.768056 0.022917 0.134259
0 0.457813 0.508333 0.015625 0.083333
0 0.602604 0.372685 0.014583 0.058333
0 0.784661 0.544907 0.029635 0.084259
0 0.208229 0.412083 0.026875 0.081574