0 0.683854 0.594907 0.017708 0.115741
0 0.267188 0.552778 0.019792 0.107407
0 0.414844 0.745833 0.043229 0.125000
0 0.502344 0.595370 0.040104 0.109259
0 0.447396 0.573611 0.027083 0.102778
0 0.785112 0.206778 0.015307 0.049463
0 0.439323 0.445370 0.019271 0.092593
0 0.936719 0.394444 0.020313 0.083333
0 0.799479 0.683796 0.028125 0.126852
0 0.960417 0.902778 0.046875 0.155556
0 0.577344 0.477315 0.033854 0.080556
0 0.966146 0.903704 0.031250 0.155556
0 0.515104 0.512963 0.018750 0.075926
0 0.171094 0.332407 0.020313 0.072222