0 0.528906 0.420370 0.014063 0.061111
0 0.098958 0.537963 0.020833 0.085185
0 0.272917 0.567130 0.020833 0.095370
0 0.544010 0.555093 0.026562 0.082407
0 0.292187 0.777315 0.029167 0.125000
0 0.931250 0.712963 0.033333 0.122222
0 0.782292 0.756019 0.023958 0.119444
0 0.708214 0.538778 0.018365 0.096222
1 0.173271 0.494394 0.004990 0.013306
0 0.385422 0.407319 0.013729 0.072102
0 0.173437 0.688426 0.025000 0.119444
0 0.696953 0.484861 0.011615 0.086389
0 0.491667 0.473611 0.015625 0.076481
0 0.897917 0.656481 0.030208 0.109259
0 0.372396 0.428704 0.014583 0.072222
0 0.549219 0.481019 0.017188 0.086111
0 0.198958 0.449537 0.020833 0.080556
0 0.751042 0.536574 0.017708 0.091667
0 0.502865 0.410648 0.015104 0.060185
