1 0.457615 0.395727 0.005615 0.014528
0 0.394792 0.498611 0.026042 0.076852
0 0.450521 0.439815 0.021875 0.094444
0 0.399219 0.446759 0.023438 0.095370
0 0.272917 0.468056 0.023958 0.089815
0 0.117188 0.420833 0.017708 0.089815
0 0.344271 0.493056 0.014583 0.086111
0 0.135417 0.487963 0.032292 0.079630
0 0.509115 0.444444 0.017188 0.075926
0 0.665104 0.473148 0.026042 0.081481
0 0.740625 0.812500 0.041667 0.147222
0 0.650781 0.638889 0.024479 0.114815
0 0.481562 0.432296 0.019479 0.068185
0 0.297667 0.430426 0.017708 0.083333
0 0.475000 0.499491 0.025000 0.084352
0 0.475086 0.446250 0.020589 0.044370