0 0.664323 0.363426 0.014063 0.063889
0 0.881927 0.428657 0.015625 0.074537
0 0.865521 0.466806 0.018542 0.064537
0 0.209271 0.540093 0.021042 0.096852
0 0.803385 0.273148 0.010937 0.044444
0 0.763281 0.537963 0.022396 0.088889
0 0.698958 0.504167 0.018750 0.086111
0 0.595833 0.576389 0.022917 0.087963
0 0.891667 0.343056 0.017708 0.058333
0 0.310677 0.533796 0.021354 0.086111
0 0.469531 0.431019 0.019271 0.073148
0 0.688021 0.389815 0.013542 0.074074
0 0.196875 0.598611 0.018750 0.082407
0 0.572917 0.385648 0.015625 0.073148
0 0.548438 0.431481 0.017708 0.087037
0 0.239583 0.970833 0.029167 0.056481
1 0.557813 0.651389 0.009375 0.019444
0 0.328622 0.360769 0.026193 0.087630
0 0.547102 0.377088 0.016432 0.068731
0 0.988305 0.332417 0.015464 0.061852
0 0.609635 0.470370 0.019271 0.074074