0 0.129219 0.463935 0.026146 0.092500
0 0.475521 0.368981 0.015625 0.076852
0 0.410156 0.643056 0.026562 0.112037
0 0.665104 0.456019 0.021875 0.078704
0 0.760156 0.518981 0.019271 0.097222
0 0.458854 0.432870 0.017708 0.082407
0 0.916667 0.746296 0.020833 0.116667
0 0.055990 0.656944 0.023438 0.126852
0 0.548177 0.443056 0.029687 0.086111
0 0.868490 0.695833 0.024479 0.121296
0 0.341927 0.425000 0.019271 0.081481
0 0.261719 0.872685 0.033854 0.152778
0 0.727865 0.507870 0.019271 0.097222
0 0.804688 0.400000 0.017708 0.083333
0 0.650286 0.487407 0.025469 0.086296
0 0.449219 0.727593 0.040104 0.135556
0 0.425521 0.486574 0.020833 0.091667
0 0.141766 0.431852 0.018750 0.079630
0 0.644255 0.434630 0.019417 0.079574
0 0.445258 0.632611 0.031276 0.101630
1 0.202865 0.695833 0.013021 0.019444
0 0.511458 0.381019 0.017708 0.075000