0 0.650521 0.520833 0.017708 0.093519
0 0.143695 0.534880 0.028078 0.089852
0 0.171875 0.548611 0.019792 0.089815
0 0.563802 0.441667 0.017188 0.070370
0 0.149740 0.926852 0.025521 0.144444
0 0.057552 0.730093 0.036979 0.126852
0 0.582812 0.406944 0.015625 0.075000
0 0.920573 0.571759 0.020313 0.091667
0 0.418120 0.546074 0.023438 0.076667
0 0.142708 0.464120 0.019792 0.043056
0 0.424305 0.462667 0.020349 0.078667
0 0.127755 0.402426 0.014063 0.060185
0 0.035677 0.532870 0.024479 0.100926
0 0.130901 0.360727 0.012479 0.052139
