0 0.245312 0.447685 0.020833 0.075000
0 0.280208 0.387500 0.019792 0.067593
0 0.170052 0.495833 0.016146 0.080556
1 0.510417 0.578102 0.010854 0.016481
0 0.384701 0.366565 0.020047 0.068315
0 0.241146 0.905093 0.028125 0.137963
0 0.004427 0.511111 0.008854 0.100000
0 0.389844 0.447685 0.015104 0.078704
0 0.520052 0.537500 0.019271 0.093519
0 0.575521 0.431944 0.021875 0.076852
0 0.554167 0.708796 0.028125 0.125000
0 0.805469 0.739352 0.027604 0.128704
0 0.717708 0.495370 0.017708 0.090741
0 0.146615 0.590741 0.018229 0.105556
0 0.121094 0.397685 0.022396 0.069444
0 0.289062 0.545833 0.021875 0.099074