0 0.356250 0.456019 0.018750 0.073148
0 0.862500 0.468056 0.013542 0.075000
0 0.994792 0.536574 0.009375 0.091667
0 0.555469 0.432407 0.010937 0.057407
0 0.162760 0.557407 0.016146 0.081481
0 0.512240 0.438426 0.013021 0.067593
0 0.004687 0.731481 0.009375 0.096296
0 0.188021 0.514815 0.017708 0.088889
0 0.665885 0.473611 0.016146 0.080556
0 0.854427 0.556019 0.020313 0.080556
1 0.553656 0.431519 0.004896 0.009537
0 0.419578 0.469407 0.011135 0.071185
0 0.440109 0.422796 0.017396 0.065296
0 0.571021 0.660120 0.022396 0.108333
0 0.427630 0.500833 0.015573 0.063148
0 0.458854 0.518981 0.022917 0.082407
0 0.762240 0.543519 0.018229 0.087037
0 0.383333 0.642593 0.026042 0.105556
0 0.139323 0.559259 0.017188 0.087037
0 0.023698 0.646759 0.025521 0.102778
0 0.396615 0.490741 0.017188 0.075926