0 0.689063 0.476389 0.015625 0.080556
0 0.557552 0.431944 0.018229 0.073148
0 0.858854 0.524537 0.019792 0.076852
0 0.422917 0.490741 0.015625 0.081481
0 0.798177 0.502778 0.019271 0.077778
0 0.830469 0.525926 0.018229 0.075926
0 0.776302 0.500000 0.019271 0.083333
0 0.844531 0.636111 0.025521 0.096296
1 0.422721 0.353810 0.011505 0.015343
0 0.451562 0.474537 0.014583 0.078704
0 0.274010 0.419269 0.025104 0.063315
0 0.361979 0.445185 0.018750 0.076852
0 0.369352 0.405597 0.015057 0.046213
0 0.966146 0.504630 0.020833 0.077778
0 0.515365 0.505093 0.026562 0.084259
0 0.886719 0.598611 0.018229 0.089815
0 0.640104 0.446296 0.017708 0.070370
0 0.607812 0.462963 0.017708 0.079630
0 0.113542 0.460648 0.018750 0.086111
0 0.670312 0.474074 0.019792 0.079630
0 0.175781 0.512500 0.019271 0.095370