0 0.696094 0.528704 0.020313 0.100000
0 0.799094 0.503190 0.027823 0.096769
0 0.654167 0.529630 0.023958 0.100000
0 0.721094 0.553704 0.027604 0.157407
0 0.246354 0.427778 0.018750 0.075926
0 0.675000 0.505093 0.017708 0.091667
0 0.160677 0.507870 0.025521 0.091667
0 0.565417 0.510917 0.018125 0.087870
0 0.109297 0.408102 0.015260 0.064352
0 0.899818 0.581481 0.036823 0.112963
0 0.794792 0.553102 0.022917 0.106759
0 0.899948 0.581944 0.010312 0.108333
0 0.260625 0.425000 0.018333 0.077778
0 0.559701 0.450032 0.018380 0.051972
0 0.550810 0.510593 0.014682 0.103981
0 0.757812 0.580093 0.026042 0.102778
1 0.292844 0.360176 0.009677 0.017204
0 0.098792 0.424310 0.024396 0.066213
0 0.301823 0.697222 0.031771 0.131481
