0 0.622656 0.623148 0.033854 0.111111
0 0.478125 0.386574 0.018750 0.084259
0 0.832292 0.817130 0.050000 0.130556
0 0.425260 0.618981 0.029687 0.108333
0 0.287760 0.675926 0.030729 0.129630
0 0.551302 0.580556 0.027604 0.114815
0 0.220312 0.664352 0.034375 0.104630
0 0.474740 0.739352 0.034896 0.128704
0 0.832292 0.426389 0.018750 0.089815
0 0.732812 0.558796 0.034375 0.100926
0 0.952083 0.765741 0.023958 0.137037
0 0.376042 0.762037 0.036458 0.124074
0 0.459115 0.621759 0.020313 0.113889
0 0.745573 0.446759 0.020313 0.078704
0 0.660417 0.429630 0.022917 0.090741
0 0.032292 0.939352 0.063542 0.119444
0 0.119010 0.970833 0.039062 0.056481
0 0.278906 0.979167 0.030729 0.041667
0 0.318490 0.981944 0.020313 0.036111
1 0.227602 0.709583 0.009401 0.017944