0 0.560924 0.459176 0.013943 0.096296
0 0.594427 0.565972 0.046146 0.095833
0 0.808854 0.435648 0.015625 0.075000
0 0.427891 0.428519 0.014010 0.068889
1 0.103602 0.446958 0.006234 0.011083
0 0.420750 0.417708 0.010875 0.079491
0 0.535560 0.533014 0.023766 0.095250
0 0.547042 0.487894 0.014500 0.049417
0 0.576302 0.468056 0.023438 0.091667
0 0.348177 0.391667 0.018229 0.074074
0 0.294792 0.377778 0.015625 0.074074
0 0.197135 0.426389 0.020313 0.078704
0 0.102865 0.417130 0.023438 0.073148
0 0.473177 0.430556 0.016146 0.087037
0 0.315365 0.462037 0.020313 0.085185
0 0.701823 0.498611 0.017188 0.087963
0 0.258073 0.407407 0.018229 0.072222
0 0.550628 0.578398 0.033953 0.092963
0 0.545312 0.440046 0.014583 0.043056
