0 0.126562 0.508796 0.023958 0.097222
0 0.776302 0.495833 0.021354 0.084259
0 0.008333 0.566667 0.016667 0.101852
0 0.253906 0.693519 0.024479 0.103704
0 0.412240 0.400463 0.018229 0.071296
0 0.562760 0.731019 0.046354 0.113889
0 0.480990 0.335648 0.018229 0.067593
0 0.240104 0.634722 0.026042 0.099074
0 0.512760 0.500463 0.017188 0.082407
0 0.460677 0.433796 0.023438 0.073148
0 0.048438 0.461111 0.019792 0.090741
0 0.470313 0.502778 0.017708 0.068519
0 0.718750 0.305556 0.016667 0.057407
0 0.282552 0.642130 0.024479 0.102778
0 0.828385 0.614352 0.040104 0.106481
0 0.550260 0.565278 0.021354 0.091667
0 0.479687 0.589287 0.024521 0.112833
1 0.493031 0.695069 0.015146 0.019231
0 0.333594 0.491898 0.015104 0.073611
0 0.308854 0.231111 0.013542 0.045185
0 0.911193 0.952926 0.060083 0.094148
0 0.753385 0.392593 0.018229 0.075926
0 0.623698 0.738889 0.039062 0.120370