0 0.196094 0.440741 0.016146 0.066667
0 0.892422 0.478380 0.019323 0.068426
0 0.434526 0.446426 0.016177 0.064241
0 0.451245 0.444005 0.015094 0.026806
0 0.653677 0.389171 0.014229 0.049065
0 0.283594 0.420370 0.016146 0.057407
0 0.353125 0.393981 0.016667 0.060185
0 0.260417 0.439352 0.015625 0.062037
0 0.706771 0.444444 0.014583 0.059259
0 0.334375 0.480556 0.022917 0.068519
0 0.783854 0.648611 0.032292 0.097222
0 0.937760 0.518519 0.018229 0.079630
0 0.402083 0.516204 0.017708 0.065741
0 0.729427 0.412037 0.013021 0.051852
0 0.657292 0.487500 0.016667 0.071296
0 0.245573 0.564815 0.024479 0.072222
0 0.850260 0.607407 0.031771 0.081481
1 0.291406 0.604167 0.009896 0.015741
0 0.884956 0.463264 0.019818 0.064269
0 0.281974 0.377204 0.017188 0.045889
0 0.268448 0.358861 0.009896 0.044444
0 0.528906 0.460648 0.015104 0.058333
0 0.456276 0.492546 0.017656 0.068611
