0 0.543776 0.278796 0.014635 0.044259
0 0.502344 0.556481 0.019271 0.087037
0 0.738281 0.546296 0.023438 0.083333
0 0.257031 0.461111 0.022396 0.064815
0 0.723177 0.674537 0.027604 0.106481
0 0.315625 0.565278 0.019792 0.086111
0 0.252344 0.551389 0.022396 0.082407
0 0.263542 0.789815 0.029167 0.112963
0 0.441927 0.454167 0.016146 0.069444
0 0.597917 0.500000 0.025000 0.079630
0 0.531510 0.486111 0.019271 0.075926
0 0.807292 0.536574 0.019792 0.087963
0 0.232031 0.661574 0.019271 0.106481
0 0.477344 0.354167 0.013021 0.054630
0 0.387760 0.377778 0.015104 0.057407
0 0.971875 0.467593 0.013542 0.068519
0 0.338927 0.438111 0.012917 0.063778
0 0.569141 0.290185 0.009010 0.041296
0 0.352370 0.401333 0.013229 0.070278
0 0.422656 0.482407 0.017188 0.072222
0 0.089583 0.369907 0.019792 0.062037
1 0.712578 0.710056 0.008125 0.017704
0 0.345023 0.384639 0.010880 0.044889
0 0.550521 0.425926 0.016667 0.064815