0 0.282552 0.530648 0.021354 0.068704
0 0.070312 0.490741 0.016667 0.096296
0 0.233073 0.396759 0.016146 0.075000
0 0.293750 0.445833 0.015625 0.076852
0 0.562500 0.523148 0.020833 0.096296
0 0.881510 0.575000 0.015104 0.107407
0 0.091667 0.789352 0.031250 0.147222
0 0.505990 0.433333 0.020313 0.087037
0 0.411719 0.596759 0.020313 0.102778
0 0.283685 0.598958 0.029828 0.067120
0 0.572664 0.442352 0.022370 0.038944
1 0.666349 0.513611 0.009323 0.015741
0 0.262953 0.326991 0.016792 0.062519
0 0.704688 0.475000 0.015625 0.088889
