0 0.620313 0.550463 0.019792 0.095370
0 0.389844 0.417130 0.029687 0.076852
0 0.879427 0.595370 0.030729 0.120370
0 0.531745 0.425926 0.027656 0.083333
0 0.741927 0.490741 0.022396 0.094444
0 0.819531 0.492130 0.019271 0.097222
0 0.308854 0.414352 0.023958 0.078704
0 0.673958 0.660185 0.026042 0.129630
0 0.410677 0.672222 0.031771 0.122222
0 0.579427 0.980093 0.019271 0.039815
1 0.547802 0.455167 0.005531 0.011815
0 0.552344 0.425000 0.016146 0.079630
0 0.444375 0.487685 0.020313 0.085185
0 0.501042 0.427315 0.019792 0.080556
0 0.581771 0.681019 0.047917 0.117593