0 0.248177 0.492130 0.030729 0.075000
0 0.514844 0.647222 0.042188 0.087037
0 0.180208 0.792593 0.027083 0.137037
0 0.354167 0.937037 0.029167 0.124074
0 0.467187 0.525926 0.021875 0.096296
0 0.554688 0.802778 0.027083 0.140741
0 0.745833 0.664352 0.026042 0.108333
0 0.152344 0.452315 0.024479 0.073148
0 0.509375 0.781481 0.030208 0.125926
0 0.672135 0.590278 0.024479 0.100926
0 0.136458 0.764815 0.032292 0.125926
0 0.500521 0.515741 0.021875 0.088889
0 0.090885 0.623611 0.019271 0.115741
0 0.792969 0.651389 0.027604 0.113889
0 0.195573 0.676852 0.027604 0.111111
0 0.774479 0.483333 0.023958 0.090741
1 0.541977 0.661079 0.009057 0.011769
0 0.534115 0.630093 0.018229 0.102778