0 0.953125 0.372222 0.022917 0.074074
0 0.486719 0.628704 0.022396 0.105556
0 0.101823 0.640278 0.033854 0.091667
0 0.457031 0.500000 0.023438 0.085185
0 0.247135 0.494907 0.022396 0.093519
0 0.913021 0.169444 0.020833 0.114815
0 0.748990 0.582685 0.024208 0.101852
0 0.723698 0.596898 0.025000 0.096759
0 0.465104 0.318056 0.015625 0.061111
0 0.610417 0.471759 0.015625 0.075000
0 0.874167 0.690833 0.015000 0.115000
0 0.477734 0.229046 0.013385 0.044500
0 0.891646 0.703694 0.023958 0.125000
0 0.790625 0.480556 0.019792 0.087037
0 0.426302 0.521759 0.023438 0.086111
0 0.541927 0.606019 0.034896 0.100926
0 0.844792 0.351389 0.015625 0.062037
0 0.198177 0.572222 0.027604 0.094444
0 0.422396 0.351852 0.018750 0.068519
0 0.158073 0.646296 0.019271 0.100000