0 0.272656 0.525926 0.043229 0.187037
0 0.448188 0.210588 0.046479 0.079380
0 0.583562 0.388542 0.027958 0.167546
0 0.468854 0.297222 0.030000 0.150000
0 0.790625 0.337037 0.040625 0.146296
1 0.434591 0.990921 0.019578 0.018157
0 0.408594 0.238426 0.030729 0.145370
0 0.596354 0.348148 0.039583 0.168519
0 0.514583 0.298611 0.032292 0.147222
0 0.756250 0.905556 0.053125 0.188889
0 0.549479 0.300926 0.031250 0.157407
0 0.319010 0.266204 0.030729 0.165741
0 0.834115 0.928704 0.036979 0.142593
0 0.221615 0.256019 0.032813 0.160185
0 0.394271 0.308796 0.050000 0.163889
0 0.272656 0.276389 0.031771 0.139815
0 0.401302 0.885185 0.089063 0.229630