0 0.721094 0.378704 0.029687 0.124074
0 0.561458 0.507407 0.046875 0.116667
0 0.579167 0.348148 0.028125 0.122222
0 0.684721 0.437208 0.037141 0.060287
0 0.320188 0.314644 0.019104 0.094676
1 0.638682 0.536097 0.012052 0.025880
0 0.328151 0.355000 0.023906 0.086296
0 0.591172 0.501806 0.024948 0.129722
0 0.684922 0.496019 0.044740 0.113519
0 0.587109 0.383472 0.032031 0.116389
0 0.785937 0.418981 0.042708 0.130556
0 0.112240 0.555093 0.039062 0.149074
0 0.475781 0.473148 0.031771 0.150000
0 0.299479 0.503704 0.031250 0.148148
0 0.419792 0.487963 0.030208 0.157407
0 0.337760 0.440741 0.032813 0.142593
0 0.614583 0.551389 0.047917 0.162037
0 0.553646 0.382870 0.033333 0.143519