0 0.044010 0.427778 0.014063 0.068519
0 0.816180 0.581894 0.025349 0.030676
0 0.459583 0.514583 0.020417 0.072685
0 0.342708 0.585185 0.019792 0.085185
0 0.451245 0.467699 0.013292 0.063731
1 0.588302 0.727144 0.009760 0.020139
0 0.666146 0.551389 0.016667 0.078704
0 0.651563 0.494444 0.013542 0.068519
0 0.235677 0.582407 0.019271 0.085185
0 0.340104 0.493981 0.016667 0.078704
0 0.482031 0.697685 0.021354 0.080556
0 0.071094 0.469907 0.016146 0.073148
0 0.189323 0.467130 0.017188 0.076852
0 0.577604 0.466667 0.014583 0.072222
0 0.479948 0.499074 0.016146 0.070370
0 0.552604 0.683333 0.026042 0.090741
0 0.780854 0.582852 0.039906 0.015333
0 0.787326 0.556005 0.031276 0.040269
