0 0.228385 0.351852 0.021354 0.098148
0 0.968750 0.588426 0.030208 0.141667
0 0.560937 0.421759 0.020833 0.104630
0 0.413802 0.410185 0.027604 0.103704
0 0.506771 0.509259 0.027083 0.118519
0 0.286198 0.319907 0.024479 0.089815
0 0.820052 0.393981 0.019271 0.099074
0 0.006250 0.470370 0.012500 0.116667
0 0.523438 0.422685 0.027083 0.104630
0 0.599479 0.488889 0.027083 0.112963
0 0.192448 0.291944 0.025521 0.084630
0 0.739193 0.410648 0.015365 0.099074
0 0.708971 0.354384 0.023391 0.087620
0 0.725776 0.416125 0.016781 0.111120
0 0.351193 0.477519 0.030927 0.129037