0 0.849740 0.710648 0.023438 0.100926
0 0.395833 0.676852 0.028125 0.077778
0 0.394531 0.558333 0.017188 0.068519
0 0.039583 0.638889 0.032292 0.081481
1 0.418490 0.664815 0.009896 0.016667
0 0.622135 0.581019 0.017188 0.063889
0 0.559375 0.650000 0.029167 0.064815
0 0.553331 0.707111 0.027432 0.083426
0 0.778385 0.566204 0.016146 0.075000
0 0.680729 0.631944 0.015625 0.087963
0 0.568125 0.737315 0.022500 0.087222
0 0.851562 0.443981 0.013542 0.058333
0 0.005312 0.474708 0.010625 0.072065
0 0.243750 0.537963 0.022917 0.057407
0 0.667708 0.519444 0.013542 0.066667
0 0.308854 0.401852 0.012500 0.038889
0 0.582031 0.452778 0.017188 0.059259
0 0.372135 0.454630 0.015104 0.048148
0 0.551302 0.509259 0.019271 0.064815
0 0.828646 0.687963 0.018750 0.088889
