0 0.936458 0.395370 0.041667 0.081481
0 0.171094 0.895833 0.038021 0.073148
0 0.066708 0.724731 0.043521 0.120722
0 0.752984 0.289537 0.034896 0.081481
0 0.768339 0.541398 0.035417 0.100000
0 0.283620 0.170620 0.014635 0.048278
0 0.149648 0.445569 0.030755 0.088917
0 0.714990 0.545347 0.034896 0.101528
0 0.601042 0.426389 0.025000 0.087963
0 0.528385 0.415278 0.022396 0.082407
0 0.029427 0.368056 0.024479 0.082407
0 0.617708 0.253241 0.026042 0.050926
0 0.275260 0.566667 0.041146 0.092593
0 0.217969 0.401852 0.030729 0.070370
0 0.165625 0.595370 0.030208 0.107407
1 0.475154 0.623579 0.007068 0.014361
0 0.089844 0.691204 0.025521 0.139815
0 0.144531 0.267130 0.019271 0.065741
0 0.161719 0.272222 0.017188 0.061111
0 0.185938 0.500926 0.023958 0.079630
0 0.167708 0.413426 0.018750 0.076852
