0 0.487500 0.500000 0.023958 0.094444
0 0.459896 0.548611 0.034375 0.087963
0 0.517188 0.442593 0.020833 0.064815
0 0.572656 0.513889 0.029687 0.094444
0 0.695833 0.563889 0.023958 0.107407
0 0.395313 0.439352 0.017708 0.078704
0 0.806510 0.606481 0.025521 0.107407
0 0.209115 0.742130 0.033854 0.137963
0 0.921094 0.466204 0.021354 0.091667
0 0.188542 0.473611 0.023958 0.082407
0 0.055625 0.385648 0.022708 0.087963
0 0.251927 0.449491 0.023229 0.091574
0 0.304948 0.428704 0.022396 0.081481
0 0.292448 0.436111 0.038021 0.087037
0 0.375000 0.410185 0.018750 0.072222
0 0.201563 0.387500 0.027083 0.065741
0 0.252083 0.542593 0.032292 0.079630