0 0.984896 0.415278 0.011458 0.058333
0 0.871094 0.579630 0.018229 0.094444
0 0.391667 0.347685 0.012500 0.050926
0 0.849641 0.363407 0.014271 0.051259
1 0.392305 0.530042 0.009599 0.012417
0 0.567708 0.670370 0.022917 0.114815
0 0.354687 0.496759 0.025000 0.078704
0 0.981510 0.584722 0.018229 0.097222
0 0.341406 0.702778 0.021354 0.114815
0 0.787240 0.515741 0.018229 0.085185
0 0.673698 0.453241 0.017188 0.078704
0 0.629167 0.583796 0.020833 0.087963
0 0.706250 0.593981 0.022917 0.089815
0 0.967708 0.544907 0.020833 0.093519
0 0.708073 0.456019 0.016146 0.067593