0 0.798177 0.448611 0.024479 0.112037
0 0.794198 0.483463 0.016906 0.055944
1 0.191253 0.612593 0.010099 0.016093
0 0.542188 0.531944 0.037500 0.100926
0 0.680729 0.552315 0.027083 0.102778
0 0.833594 0.485648 0.024479 0.091667
0 0.864844 0.687500 0.029687 0.125000
0 0.857812 0.390278 0.025000 0.078704
0 0.236458 0.556019 0.028125 0.089815
0 0.401042 0.394907 0.025000 0.086111
0 0.802083 0.555093 0.037500 0.113889
0 0.320286 0.584259 0.035365 0.083333
0 0.968255 0.279352 0.014635 0.054259
0 0.990625 0.655093 0.017708 0.108333