0 0.573698 0.572222 0.040104 0.094444
0 0.005469 0.468056 0.010937 0.086111
0 0.538281 0.418519 0.016146 0.075926
0 0.702083 0.334722 0.016667 0.063889
0 0.371615 0.507870 0.022396 0.089815
0 0.966667 0.655093 0.030208 0.117593
0 0.913802 0.567130 0.040104 0.106481
0 0.528906 0.283796 0.013021 0.056481
0 0.370052 0.601389 0.028646 0.089815
0 0.371354 0.301852 0.020833 0.055556
1 0.541542 0.598912 0.009760 0.017176
0 0.188021 0.232870 0.013542 0.043519
0 0.442448 0.431944 0.018229 0.075000
0 0.521927 0.560324 0.031354 0.081759
0 0.914974 0.566667 0.010677 0.100000
0 0.896354 0.689815 0.042708 0.107407
0 0.067708 0.422222 0.020833 0.081481
0 0.394010 0.516204 0.021354 0.095370
0 0.906771 0.441204 0.025000 0.082407
0 0.841406 0.352315 0.017188 0.067593
0 0.479948 0.462963 0.017188 0.083333
0 0.340104 0.615741 0.019792 0.096296