0 0.880208 0.674537 0.032292 0.150926
0 0.409635 0.603241 0.032813 0.130556
0 0.260677 0.636574 0.034896 0.132407
0 0.782292 0.216667 0.021875 0.075926
0 0.287240 0.200463 0.017188 0.076852
0 0.699479 0.188889 0.014583 0.066667
0 0.356510 0.838889 0.030729 0.142593
0 0.232552 0.315278 0.022396 0.097222
0 0.044531 0.098148 0.021354 0.053704
0 0.425521 0.421759 0.026042 0.099074
0 0.373698 0.427315 0.025521 0.112037
0 0.920312 0.329630 0.017708 0.090741
0 0.267188 0.367130 0.027083 0.099074
1 0.369229 0.807940 0.014854 0.021620
0 0.839583 0.481019 0.027083 0.097222
0 0.792969 0.477778 0.027604 0.098148