0 0.510677 0.438704 0.017188 0.070000
0 0.670573 0.600926 0.017188 0.088889
0 0.572135 0.531019 0.018229 0.087963
0 0.192969 0.587500 0.018229 0.100926
1 0.621604 0.627218 0.008854 0.011602
0 0.083966 0.502509 0.013984 0.078722
0 0.484245 0.688056 0.035677 0.116481
0 0.272396 0.567130 0.017708 0.082407
0 0.075628 0.453838 0.012609 0.061009
0 0.378021 0.491204 0.022708 0.075000
0 0.344531 0.328102 0.014063 0.049352
0 0.495312 0.471806 0.015625 0.078796
0 0.074844 0.522546 0.017396 0.078981
0 0.229427 0.400926 0.015104 0.066667
0 0.300260 0.667593 0.024479 0.105556
0 0.217188 0.635648 0.023958 0.099074
0 0.449740 0.580556 0.014063 0.087037
0 0.542188 0.355556 0.014583 0.050000
0 0.797656 0.475926 0.015104 0.074074
0 0.155729 0.456019 0.014583 0.069444
0 0.841146 0.629167 0.016667 0.108333
