0 0.142708 0.495370 0.022917 0.094444
0 0.926042 0.503241 0.018750 0.095370
0 0.919792 0.503704 0.030208 0.096296
0 0.505729 0.262963 0.015625 0.061111
1 0.255521 0.763199 0.012302 0.015898
0 0.446875 0.665278 0.044792 0.126852
0 0.622656 0.684259 0.029687 0.127778
0 0.758073 0.369444 0.020313 0.087037
0 0.391146 0.497222 0.020833 0.100000
0 0.202083 0.700926 0.028125 0.118519
0 0.347917 0.489815 0.019792 0.100000
0 0.036198 0.279630 0.026562 0.068519
0 0.040365 0.326157 0.027604 0.077315
0 0.566406 0.263889 0.017188 0.064815
0 0.291667 0.434259 0.016667 0.090741
0 0.959115 0.532407 0.024479 0.112963
0 0.030990 0.725463 0.029687 0.128704
0 0.034531 0.141204 0.020104 0.043519
0 0.598177 0.622222 0.023438 0.116667
0 0.467448 0.960185 0.034896 0.077778
0 0.127083 0.582870 0.023958 0.115741