0 0.576823 0.681019 0.021354 0.119444
0 0.156510 0.714352 0.031771 0.119444
0 0.833073 0.536111 0.017188 0.090741
0 0.520312 0.523148 0.022917 0.087037
0 0.492448 0.454167 0.025521 0.075000
0 0.892708 0.550463 0.019792 0.093519
0 0.232813 0.402639 0.017708 0.063241
0 0.825781 0.641667 0.023438 0.103704
0 0.938336 0.447537 0.017089 0.076852
0 0.691146 0.530556 0.017708 0.087037
0 0.924719 0.427361 0.020313 0.061574
0 0.305208 0.514815 0.018750 0.081481
0 0.821354 0.815278 0.032292 0.136111
0 0.922135 0.666204 0.022396 0.117593
0 0.126042 0.528241 0.025000 0.087963
0 0.362240 0.445833 0.018229 0.073148