0 0.218341 0.343241 0.022568 0.093389
0 0.402094 0.358810 0.021635 0.094713
0 0.527711 0.347736 0.026620 0.101528
0 0.454266 0.749787 0.043469 0.182944
0 0.106359 0.266796 0.021115 0.085407
0 0.602492 0.293556 0.018078 0.088278
0 0.870164 0.361523 0.022286 0.098454
0 0.607799 0.791273 0.048839 0.168472
0 0.621417 0.208898 0.017687 0.070222
0 0.207406 0.255657 0.023906 0.083093
0 0.572529 0.177597 0.013568 0.066083
0 0.538331 0.279319 0.016505 0.087935
0 0.922948 0.241977 0.034479 0.084194
0 0.155344 0.169296 0.017031 0.061093
1 0.424206 0.368046 0.018109 0.029704
0 0.932747 0.233694 0.017516 0.076852
