1 0.358630 0.581398 0.012938 0.020056
0 0.378362 0.303907 0.028516 0.119278
0 0.815706 0.276380 0.018120 0.105315
0 0.428547 0.172685 0.016604 0.083889
0 0.968935 0.406731 0.027193 0.141093
0 0.693497 0.440852 0.031641 0.135407
0 0.441682 0.493722 0.049510 0.153185
0 0.351510 0.508009 0.029250 0.146926
0 0.442477 0.355972 0.026495 0.121741
0 0.766945 0.175500 0.025349 0.085889
0 0.847729 0.106551 0.015438 0.079954
0 0.616518 0.326551 0.021370 0.120676
0 0.729904 0.613481 0.049599 0.162778
0 0.391531 0.454009 0.037333 0.131148
0 0.539638 0.203745 0.018380 0.086861
0 0.345781 0.075912 0.016385 0.066583
