0 0.766500 0.024199 0.009010 0.037565
0 0.411117 0.148352 0.014693 0.066204
0 0.778914 0.023194 0.008422 0.040778
0 0.856625 0.075102 0.013219 0.049611
0 0.980000 0.093597 0.012740 0.056657
0 0.693646 0.077861 0.012396 0.052870
0 0.684141 0.066616 0.011063 0.049787
0 0.918831 0.059296 0.013089 0.038981
0 0.747253 0.081731 0.011411 0.054463
0 0.589716 0.021884 0.007807 0.040083
0 0.996513 0.124273 0.006974 0.063750
1 0.934326 0.037125 0.005057 0.009102
0 0.581099 0.018194 0.007177 0.036019
0 0.442878 0.778639 0.042141 0.174870
0 0.466510 0.091907 0.012135 0.057611
0 0.509677 0.189222 0.013135 0.072204
0 0.917346 0.100194 0.013505 0.057000
0 0.969674 0.146361 0.018880 0.063556
0 0.490799 0.779120 0.039255 0.168352
0 0.540935 0.268819 0.021724 0.083620
0 0.818997 0.096398 0.012734 0.052167
