0 0.820698 0.345819 0.032917 0.107935
0 0.195250 0.310269 0.027854 0.102167
0 0.581260 0.229102 0.018417 0.086722
0 0.883615 0.290556 0.020583 0.101611
0 0.879193 0.149074 0.021000 0.071833
0 0.982070 0.213644 0.018266 0.074120
0 0.412492 0.452491 0.042505 0.140944
0 0.970182 0.721148 0.038875 0.203037
0 0.287047 0.224995 0.017510 0.095787
0 0.940466 0.217102 0.026047 0.097352
0 0.677951 0.248884 0.023005 0.092583
0 0.784099 0.277051 0.020271 0.096472
0 0.315438 0.139704 0.018813 0.061222
0 0.941852 0.164727 0.017953 0.029065
1 0.287305 0.266926 0.008797 0.013352
0 0.417294 0.320079 0.024047 0.102380
