0 0.871510 0.720287 0.035073 0.153481
0 0.937271 0.466190 0.026927 0.103102
0 0.633510 0.387097 0.019583 0.069676
0 0.543997 0.435500 0.020328 0.090481
0 0.532659 0.358981 0.021359 0.080426
0 0.578862 0.467782 0.022370 0.095139
1 0.538188 0.391602 0.007177 0.011296
0 0.588206 0.605394 0.024786 0.124694
0 0.294370 0.616185 0.023167 0.136593
0 0.623404 0.575745 0.028922 0.120880
0 0.283276 0.511926 0.026417 0.111241
0 0.943904 0.558935 0.026359 0.118389
0 0.262029 0.458995 0.021391 0.095343
0 0.153076 0.750940 0.032797 0.164991
0 0.894727 0.488894 0.024401 0.104287
