0 0.747221 0.317310 0.012651 0.066343
0 0.266500 0.264912 0.019042 0.060750
0 0.011187 0.706625 0.022375 0.138417
1 0.307625 0.323792 0.009042 0.012843
0 0.964594 0.430384 0.022479 0.092435
0 0.777273 0.389315 0.020682 0.079019
0 0.325385 0.385801 0.017219 0.076583
0 0.932576 0.354338 0.021266 0.073065
0 0.828927 0.367796 0.014781 0.076407
0 0.382263 0.331255 0.018255 0.064046
0 0.800396 0.271662 0.012042 0.058306
0 0.478052 0.292213 0.011510 0.056741
0 0.352174 0.430569 0.024599 0.091917
0 0.499883 0.296537 0.014193 0.056944
0 0.833081 0.291310 0.012172 0.050250
0 0.189794 0.308296 0.014745 0.060519
0 0.562505 0.347750 0.019979 0.081537
0 0.758128 0.325218 0.014276 0.070269
