1 0.258927 0.208144 0.005865 0.010676
1 0.581260 0.458806 0.008490 0.016389
0 0.579326 0.302454 0.016443 0.090185
0 0.572961 0.408560 0.017359 0.116657
0 0.225945 0.192148 0.013880 0.063611
0 0.447169 0.713829 0.029109 0.165991
0 0.512586 0.576269 0.030151 0.147963
0 0.883813 0.216157 0.013906 0.069926
0 0.575951 0.569394 0.036453 0.148157
0 0.852339 0.350958 0.018365 0.101657
0 0.233154 0.411403 0.019849 0.116713
0 0.300688 0.499671 0.025656 0.126898
0 0.247518 0.314579 0.020036 0.096324
0 0.598633 0.250731 0.016547 0.079074
0 0.109536 0.369657 0.018917 0.108556
0 0.975513 0.434125 0.019214 0.118509
0 0.595987 0.849398 0.050766 0.217426
0 0.658253 0.546972 0.027161 0.138981
0 0.512534 0.407792 0.020089 0.113306
