0 0.482810 0.506949 0.024443 0.139676
0 0.562919 0.533954 0.031651 0.151593
0 0.270669 0.575685 0.051234 0.133333
0 0.188797 0.576773 0.031177 0.154880
0 0.385490 0.709519 0.029115 0.172926
0 0.179203 0.490111 0.027375 0.121630
0 0.042393 0.504861 0.039974 0.136204
0 0.511701 0.488255 0.027255 0.145083
0 0.670951 0.467981 0.027932 0.104370
0 0.497135 0.427861 0.019979 0.082537
1 0.684143 0.449741 0.009766 0.017167
0 0.012706 0.835713 0.025349 0.328574
0 0.012484 0.804431 0.024969 0.211787
0 0.618367 0.883449 0.069047 0.220491
0 0.802958 0.580421 0.027063 0.148731
0 0.975807 0.828403 0.046063 0.158194
