0 0.899086 0.343269 0.023141 0.080815
0 0.953672 0.463523 0.021896 0.101731
0 0.162294 0.508181 0.021318 0.115602
0 0.257219 0.369935 0.019167 0.085870
0 0.600352 0.339162 0.022026 0.075324
0 0.407310 0.374704 0.015891 0.089630
0 0.734750 0.371292 0.022219 0.085639
0 0.555086 0.363597 0.017453 0.075769
0 0.529602 0.481708 0.021276 0.105602
0 0.676065 0.336028 0.016422 0.080222
0 0.932398 0.372940 0.021401 0.080843
0 0.356609 0.300236 0.021156 0.058176
0 0.875547 0.397009 0.020698 0.095093
0 0.880008 0.323574 0.016786 0.074037
0 0.491620 0.297185 0.013083 0.063426
0 0.597753 0.258329 0.009547 0.054806
0 0.472138 0.236347 0.023484 0.065435
0 0.016318 0.274681 0.013010 0.062287
1 0.379362 0.323625 0.006370 0.010546
