0 0.533609 0.516644 0.042917 0.135250
0 0.721909 0.521250 0.039016 0.118444
0 0.245333 0.533333 0.024677 0.137426
0 0.799617 0.528514 0.031349 0.132676
0 0.614430 0.509995 0.038953 0.131602
0 0.172461 0.492468 0.033005 0.086731
0 0.174771 0.574736 0.035073 0.111639
0 0.002727 0.487065 0.005401 0.084759
0 0.158706 0.642384 0.078776 0.122472
0 0.830062 0.473139 0.026458 0.128185
1 0.230445 0.406556 0.013109 0.018926
0 0.320151 0.612921 0.037677 0.157787
0 0.372711 0.504417 0.027380 0.133870
0 0.844510 0.581787 0.033385 0.143185
