0 0.922474 0.561644 0.041729 0.117009
0 0.914706 0.493968 0.028807 0.056139
0 0.751924 0.385449 0.017349 0.089972
0 0.817417 0.359917 0.022771 0.085407
0 0.586927 0.439347 0.033104 0.097343
0 0.045604 0.580227 0.028240 0.129046
0 0.047805 0.493278 0.021443 0.088648
0 0.918648 0.448389 0.029120 0.079556
0 0.314948 0.378667 0.018740 0.090056
0 0.536203 0.432269 0.024385 0.048759
0 0.279070 0.117574 0.010682 0.039241
0 0.426385 0.322782 0.016698 0.076028
0 0.320339 0.422741 0.026094 0.099833
0 0.122161 0.301843 0.015333 0.077630
0 0.458073 0.194269 0.017500 0.050741
0 0.659648 0.209606 0.015484 0.053324
0 0.558464 0.410884 0.027010 0.097806
0 0.547560 0.288856 0.015516 0.066750
0 0.868570 0.780120 0.036609 0.155130
0 0.273760 0.217375 0.014031 0.060694
0 0.738310 0.226681 0.014568 0.059657
0 0.301789 0.261222 0.018109 0.070704
