0 0.858432 0.382759 0.031510 0.123796
0 0.448513 0.362324 0.032911 0.114574
0 0.162055 0.310505 0.025568 0.112454
0 0.195417 0.388190 0.023312 0.127935
0 0.405430 0.275310 0.029078 0.096880
0 0.919440 0.358255 0.027724 0.125694
0 0.130659 0.486120 0.031818 0.147611
0 0.515320 0.280125 0.026474 0.090861
0 0.616654 0.266347 0.023328 0.091324
0 0.439464 0.232144 0.019510 0.097472
0 0.505031 0.212199 0.021271 0.079824
0 0.105536 0.918236 0.045260 0.158250
0 0.340586 0.200528 0.017141 0.082000
0 0.005716 0.369023 0.011422 0.125472
0 0.650862 0.233366 0.027349 0.084213
1 0.526089 0.253403 0.008625 0.012620
0 0.995659 0.612106 0.008682 0.094750
1 0.706263 0.238704 0.010224 0.015481
0 0.662927 0.236491 0.049937 0.085167
0 0.669099 0.242181 0.038115 0.074676
