0 0.424849 0.198324 0.018542 0.068389
0 0.391523 0.356306 0.028953 0.107148
0 0.762672 0.272292 0.022635 0.096250
0 0.842013 0.487750 0.032964 0.111722
0 0.097583 0.449199 0.028365 0.127120
0 0.200146 0.156616 0.015937 0.072657
0 0.164896 0.483861 0.028427 0.130926
0 0.837227 0.175125 0.018422 0.073954
0 0.190414 0.687528 0.038630 0.174333
0 0.942867 0.523176 0.032005 0.131148
0 0.890435 0.163375 0.019370 0.076509
0 0.472901 0.529792 0.029281 0.140343
0 0.693896 0.077745 0.012854 0.062898
0 0.422911 0.263259 0.022052 0.088259
0 0.109443 0.627773 0.044490 0.133750
0 0.992492 0.207472 0.015016 0.088315
0 0.779602 0.101301 0.011328 0.056954
0 0.504206 0.531046 0.032130 0.138907
0 0.350539 0.071630 0.012016 0.054111
1 0.534255 0.566819 0.012927 0.022250
0 0.441911 0.938620 0.048385 0.119074
