0 0.570852 0.254218 0.015620 0.077472
1 0.229622 0.210431 0.004964 0.008509
0 0.719648 0.426634 0.023328 0.110565
0 0.520065 0.591954 0.028005 0.139963
0 0.980997 0.369963 0.022286 0.111056
0 0.192346 0.387852 0.025359 0.103944
0 0.485154 0.298083 0.020047 0.086926
0 0.429281 0.297366 0.019313 0.087861
0 0.385128 0.275898 0.014932 0.086778
0 0.782477 0.279606 0.017849 0.089769
0 0.290805 0.200583 0.017078 0.057500
0 0.750391 0.281245 0.018760 0.084194
0 0.530208 0.279301 0.018750 0.087880
0 0.376997 0.141894 0.013370 0.056787
0 0.459719 0.165926 0.013354 0.050667
0 0.756766 0.222731 0.015375 0.059259
0 0.220935 0.194764 0.017609 0.053861
0 0.683779 0.560810 0.031391 0.131213
0 0.007068 0.640032 0.014135 0.152046
0 0.004451 0.642361 0.008901 0.151759
