0 0.419049 0.292972 0.027057 0.070389
0 0.458000 0.368616 0.020000 0.094880
0 0.530487 0.433653 0.021495 0.111250
0 0.940635 0.363389 0.021083 0.106148
0 0.916740 0.408505 0.025375 0.103417
0 0.768708 0.275769 0.023094 0.077000
0 0.944951 0.589662 0.032286 0.150787
0 0.549276 0.325111 0.019448 0.084926
0 0.289766 0.321171 0.017760 0.087472
0 0.699297 0.734245 0.036729 0.160583
0 0.700313 0.251926 0.015885 0.066852
0 0.635437 0.251481 0.017521 0.066648
0 0.522297 0.235069 0.013156 0.064620
0 0.994698 0.409838 0.010604 0.106843
0 0.447904 0.242264 0.018432 0.062583
0 0.713893 0.229741 0.018745 0.065537
0 0.559750 0.196602 0.034052 0.044241
1 0.350039 0.263148 0.007151 0.011463
0 0.418049 0.252819 0.027557 0.020454
