0 0.089628 0.159287 0.019141 0.106519
0 0.454346 0.327722 0.024401 0.142537
0 0.628547 0.182171 0.023979 0.107102
0 0.348846 0.201093 0.021891 0.117481
0 0.612576 0.151384 0.019839 0.093861
0 0.462469 0.089190 0.034198 0.093731
0 0.406458 0.474792 0.062479 0.148750
0 0.419297 0.444565 0.049979 0.191204
0 0.321245 0.027727 0.026552 0.055009
0 0.410589 0.452343 0.065771 0.192833
1 0.573349 0.139352 0.013406 0.022148
0 0.521667 0.082269 0.037885 0.089130
0 0.798820 0.206958 0.021661 0.113231
0 0.505648 0.294954 0.034016 0.135889
0 0.235607 0.299454 0.029391 0.148278
