0 0.574438 0.345116 0.023052 0.069546
0 0.382648 0.285560 0.013276 0.065861
0 0.630792 0.313120 0.027115 0.068556
0 0.471229 0.215361 0.016187 0.061370
0 0.024422 0.242375 0.011760 0.054139
0 0.355247 0.241819 0.013714 0.054694
0 0.874279 0.933389 0.044870 0.133222
0 0.899445 0.224694 0.016047 0.059667
0 0.541003 0.221949 0.017047 0.051176
1 0.557211 0.490278 0.010557 0.016611
0 0.768651 0.312333 0.023062 0.070574
0 0.568753 0.635764 0.022099 0.129694
0 0.008974 0.373120 0.017948 0.092111
0 0.048599 0.325468 0.017094 0.069806
0 0.401224 0.275167 0.016792 0.063093
0 0.676922 0.266000 0.016781 0.077426
0 0.686201 0.256398 0.012745 0.067278
0 0.862091 0.412287 0.021255 0.097444
0 0.755268 0.458685 0.038422 0.099556
0 0.521070 0.492861 0.025526 0.110685
