0 0.767029 0.392315 0.026318 0.108593
1 0.675388 0.401852 0.008818 0.013889
0 0.731846 0.417204 0.024964 0.122481
0 0.160458 0.437509 0.027563 0.123981
0 0.955404 0.507236 0.039859 0.126917
0 0.183870 0.345477 0.024719 0.089491
0 0.443115 0.364671 0.023813 0.103343
0 0.919432 0.426079 0.024208 0.120935
0 0.794659 0.390481 0.022630 0.109444
0 0.214870 0.397889 0.025469 0.107222
0 0.264206 0.454181 0.031224 0.124102
0 0.472422 0.354023 0.020812 0.096880
0 0.484161 0.399560 0.021156 0.107102
0 0.604932 0.569403 0.034063 0.160380
0 0.073312 0.633894 0.049875 0.156009
0 0.234794 0.391815 0.018370 0.101093
0 0.659531 0.372606 0.033135 0.101972
0 0.680854 0.374366 0.033156 0.090102
1 0.276482 0.177125 0.008411 0.014583
