0 0.535820 0.356806 0.021630 0.107185
0 0.877070 0.422921 0.027484 0.127157
0 0.514974 0.468421 0.026427 0.131194
0 0.180984 0.436241 0.026531 0.124426
0 0.531169 0.642565 0.033776 0.167130
0 0.619182 0.250454 0.018990 0.082907
0 0.753479 0.565847 0.032760 0.161880
0 0.169414 0.307171 0.019568 0.095935
0 0.517318 0.361486 0.022573 0.110009
0 0.006992 0.424472 0.013984 0.131981
0 0.529992 0.280051 0.019828 0.076787
0 0.160555 0.565218 0.035609 0.155824
0 0.168935 0.204009 0.017078 0.080500
1 0.534435 0.526269 0.011036 0.018500
0 0.534135 0.207241 0.017844 0.076019
