0 0.481477 0.149671 0.011568 0.059472
0 0.653630 0.262472 0.017979 0.085722
0 0.430268 0.264356 0.015099 0.079731
0 0.323245 0.155861 0.011542 0.063963
0 0.977997 0.845398 0.043234 0.174222
0 0.004133 0.204139 0.008214 0.066704
0 0.087578 0.563519 0.033969 0.120389
0 0.481398 0.887718 0.044443 0.192935
1 0.660589 0.768236 0.019312 0.027769
0 0.089229 0.157769 0.015104 0.062574
0 0.532419 0.666463 0.040484 0.133981
0 0.188466 0.145370 0.014453 0.059426
0 0.058466 0.283963 0.022682 0.086926
0 0.135703 0.524292 0.028208 0.134306
0 0.256062 0.433190 0.025437 0.096454
0 0.179667 0.353097 0.024469 0.097176
0 0.638703 0.406556 0.026115 0.107093
0 0.861990 0.462093 0.026969 0.126278
0 0.397812 0.235523 0.014927 0.071120
0 0.432844 0.499560 0.027021 0.117972
