0 0.924365 0.395449 0.025385 0.106065
0 0.528372 0.319255 0.021120 0.111583
0 0.436026 0.918361 0.048385 0.156685
1 0.434810 0.264926 0.008411 0.011185
0 0.328883 0.123880 0.018536 0.054370
0 0.008427 0.295056 0.016854 0.063833
0 0.010341 0.367815 0.020682 0.108574
0 0.351104 0.191806 0.016906 0.066167
0 0.453885 0.232431 0.027573 0.071120
0 0.654083 0.374194 0.024990 0.116241
0 0.233617 0.218398 0.024120 0.077426
0 0.509234 0.471954 0.024812 0.126907
0 0.043250 0.396806 0.024250 0.109907
0 0.461391 0.545255 0.027958 0.142824
0 0.303852 0.340421 0.023745 0.105769
0 0.545992 0.334926 0.019141 0.110130
0 0.174672 0.414981 0.029615 0.118926
0 0.928427 0.506565 0.032292 0.143037
0 0.715245 0.904458 0.042219 0.189361
0 0.288122 0.299199 0.020016 0.081972
