0 0.912393 0.477773 0.020755 0.082491
0 0.049063 0.833745 0.032021 0.141991
0 0.675594 0.393375 0.014844 0.061046
0 0.241341 0.645278 0.029651 0.106593
0 0.584880 0.772273 0.029615 0.126935
0 0.499792 0.828838 0.055917 0.133287
0 0.228370 0.399481 0.020469 0.069759
0 0.902896 0.360671 0.014625 0.062250
0 0.348135 0.343153 0.016781 0.049231
0 0.688729 0.325991 0.015240 0.061167
0 0.926997 0.431838 0.016182 0.072565
0 0.334500 0.354986 0.012531 0.049194
0 0.463424 0.293718 0.012047 0.037194
1 0.252971 0.671231 0.007672 0.015556
0 0.628133 0.434361 0.018464 0.067944
1 0.448682 0.791500 0.012281 0.019537
0 0.290930 0.616130 0.030255 0.103037
0 0.743182 0.413847 0.019656 0.069491
0 0.049260 0.621208 0.030365 0.113657
