0 0.077732 0.721870 0.034047 0.142426
0 0.967385 0.506315 0.026958 0.101056
0 0.273799 0.504542 0.022422 0.088824
0 0.336062 0.535060 0.022552 0.117083
0 0.468422 0.546426 0.022542 0.085389
0 0.372227 0.514537 0.022307 0.092148
0 0.105805 0.490755 0.018807 0.089083
0 0.671503 0.603611 0.024391 0.126741
0 0.641070 0.544917 0.027807 0.110574
0 0.066169 0.858815 0.044234 0.158315
0 0.369531 0.612009 0.031375 0.117519
0 0.113526 0.581602 0.023875 0.108148
0 0.350070 0.564259 0.023661 0.085741
0 0.293685 0.561713 0.028849 0.102519
