0 0.163469 0.431727 0.024667 0.131083
0 0.106156 0.307764 0.018052 0.103472
0 0.287276 0.323440 0.017823 0.099657
0 0.251456 0.250880 0.015995 0.087500
0 0.757273 0.311162 0.016516 0.099750
0 0.406362 0.248139 0.024880 0.078037
0 0.443419 0.419278 0.032516 0.120407
0 0.966383 0.325481 0.021318 0.103333
0 0.065052 0.338630 0.030406 0.109130
0 0.394182 0.382403 0.027021 0.110250
0 0.895164 0.505597 0.031068 0.134269
1 0.822044 0.292815 0.008380 0.013093
0 0.630802 0.261912 0.021750 0.082509
0 0.853523 0.265083 0.014849 0.079907
0 0.661484 0.301745 0.016875 0.099528
