0 0.938490 0.190843 0.016708 0.077130
0 0.554430 0.172662 0.020870 0.084028
0 0.280344 0.177653 0.022292 0.070861
0 0.697370 0.164389 0.021927 0.065870
0 0.614974 0.246583 0.016469 0.087444
0 0.214891 0.262806 0.020167 0.090685
0 0.957919 0.238685 0.022932 0.086889
0 0.541727 0.356625 0.028099 0.111917
0 0.789104 0.223181 0.019719 0.077750
0 0.686068 0.228171 0.017823 0.076657
0 0.377016 0.207569 0.017531 0.074694
0 0.990083 0.246458 0.019719 0.090139
0 0.634661 0.192620 0.015156 0.073981
0 0.582638 0.188148 0.017068 0.080685
0 0.899104 0.195185 0.016667 0.080722
0 0.712711 0.197954 0.018828 0.074852
