0 0.624482 0.281106 0.022047 0.087602
0 0.029297 0.387917 0.026854 0.112870
0 0.742461 0.340986 0.023297 0.107231
0 0.362104 0.495079 0.025812 0.135028
0 0.109445 0.502741 0.026401 0.145907
0 0.587302 0.424931 0.021677 0.126583
0 0.927690 0.397403 0.024599 0.116917
0 0.719469 0.558514 0.034594 0.138065
0 0.435396 0.418491 0.025073 0.124778
0 0.927841 0.510630 0.028328 0.142870
1 0.666815 0.489491 0.013245 0.021296
0 0.439242 0.399269 0.019224 0.115352
0 0.618477 0.445944 0.031286 0.123870
0 0.008044 0.369134 0.016089 0.109028
0 0.992224 0.462190 0.015552 0.132824
