0 0.818323 0.287278 0.037083 0.168630
0 0.910750 0.330384 0.030969 0.147917
1 0.496094 0.393468 0.019031 0.032583
0 0.481641 0.469287 0.059208 0.106519
0 0.653016 0.209333 0.040250 0.138444
0 0.465081 0.230727 0.032776 0.136435
0 0.483305 0.594287 0.082245 0.184093
0 0.620531 0.445306 0.037417 0.147444
0 0.699219 0.222514 0.023990 0.102176
0 0.713495 0.292894 0.028135 0.138009
0 0.663953 0.478190 0.069260 0.188454
0 0.935672 0.290370 0.027854 0.161426
0 0.768120 0.240847 0.035531 0.155194
0 0.537174 0.278421 0.040234 0.128750
0 0.974357 0.663880 0.050401 0.181370
0 0.889302 0.633681 0.061771 0.201380
0 0.378352 0.422958 0.036693 0.165731
