0 0.754747 0.295370 0.022036 0.127907
0 0.940143 0.321255 0.037943 0.135620
0 0.010255 0.435907 0.020260 0.127519
0 0.161419 0.311245 0.024599 0.106176
0 0.520724 0.293884 0.029385 0.104806
0 0.444706 0.293787 0.032745 0.100759
0 0.773448 0.391528 0.041823 0.146241
0 0.928490 0.406153 0.036375 0.138676
0 0.682456 0.256120 0.030526 0.102704
0 0.283294 0.324648 0.031297 0.113796
0 0.547742 0.300833 0.034099 0.120278
0 0.247323 0.369843 0.035510 0.130963
0 0.230195 0.263838 0.026453 0.088213
1 0.347242 0.336319 0.010286 0.016713
0 0.179206 0.263912 0.039609 0.090139
0 0.785354 0.298343 0.027198 0.123759