0 0.552286 0.602111 0.007667 0.035463
0 0.560813 0.654264 0.009156 0.041083
0 0.447490 0.663287 0.010031 0.044167
0 0.885758 0.709606 0.013422 0.058435
0 0.438260 0.805611 0.013906 0.070630
0 0.471375 0.643486 0.008906 0.042065
0 0.401956 0.664852 0.010120 0.047315
0 0.791766 0.677361 0.011833 0.047278
0 0.833932 0.713319 0.012292 0.051861
0 0.842391 0.668282 0.010781 0.048065
0 0.513505 0.626245 0.008010 0.030750
0 0.601823 0.661856 0.010208 0.040861
0 0.773487 0.630690 0.008359 0.035602
0 0.787836 0.625194 0.010203 0.038852
0 0.392792 0.732625 0.012323 0.053528
0 0.722784 0.600426 0.009891 0.029241
0 0.703531 0.623000 0.009000 0.028481
0 0.710990 0.596468 0.009438 0.026139
0 0.666661 0.612074 0.009000 0.040963
0 0.576352 0.601347 0.007464 0.027306
0 0.521487 0.594907 0.007464 0.023796