0 0.864016 0.401190 0.021948 0.111898
0 0.294458 0.325653 0.018573 0.105269
0 0.914784 0.432407 0.034182 0.126463
0 0.369195 0.324343 0.020828 0.097796
0 0.592849 0.234231 0.018771 0.084352
0 0.233586 0.274852 0.022422 0.089093
0 0.502388 0.298454 0.031370 0.102907
0 0.652690 0.295477 0.022016 0.097435
0 0.231633 0.409523 0.024297 0.110120
0 0.459227 0.290181 0.026818 0.112602
0 0.457935 0.238273 0.020724 0.108954
0 0.507099 0.237963 0.017802 0.077630
0 0.496323 0.221685 0.016323 0.070019
0 0.482008 0.335769 0.021078 0.103056
0 0.739471 0.280167 0.025766 0.098574
0 0.607206 0.264227 0.018589 0.087398
0 0.420250 0.377745 0.028344 0.106250
