0 0.373859 0.255208 0.015760 0.079843
0 0.820927 0.363523 0.021333 0.101861
0 0.115479 0.455829 0.025177 0.122472
0 0.169518 0.468287 0.023214 0.110444
0 0.781826 0.264815 0.019245 0.083093
0 0.900891 0.247755 0.018969 0.083935
0 0.629208 0.291500 0.017198 0.091167
0 0.611578 0.186861 0.014937 0.068481
0 0.516255 0.194394 0.018479 0.069954
0 0.301784 0.204194 0.015620 0.067574
0 0.589122 0.182866 0.014193 0.072843
0 0.126622 0.242616 0.018036 0.075269
0 0.449604 0.211671 0.018344 0.071694
0 0.410255 0.168014 0.015490 0.065213
0 0.115411 0.227130 0.014896 0.067963
0 0.445714 0.169435 0.012073 0.044222
0 0.599919 0.166000 0.013766 0.061111
1 0.315727 0.198204 0.005922 0.009611
