0 0.490797 0.291162 0.022042 0.074380
0 0.494672 0.288060 0.018760 0.068972
0 0.592539 0.262569 0.016078 0.068491
0 0.568365 0.352912 0.020604 0.092843
0 0.200482 0.308616 0.025557 0.091954
0 0.367714 0.390315 0.018802 0.100204
0 0.683979 0.278412 0.019167 0.071713
0 0.622734 0.489481 0.028938 0.108815
0 0.598839 0.319616 0.022021 0.087065
0 0.929794 0.330597 0.018151 0.086417
0 0.765190 0.534634 0.031266 0.131954
0 0.947810 0.326486 0.017641 0.091472
0 0.020479 0.292407 0.019552 0.078759
0 0.484000 0.366426 0.027479 0.099574
0 0.385003 0.260171 0.019870 0.073083
0 0.073310 0.232657 0.018880 0.074889
1 0.507328 0.304648 0.005760 0.013407