0 0.359862 0.345014 0.019786 0.084935
0 0.543005 0.389806 0.018521 0.099537
0 0.067156 0.537097 0.024406 0.125250
1 0.386758 0.622782 0.023370 0.028380
0 0.220695 0.491148 0.020703 0.115778
0 0.562690 0.792264 0.046839 0.174935
0 0.585732 0.383917 0.021422 0.096611
0 0.186727 0.368426 0.020818 0.091537
0 0.938359 0.484991 0.023594 0.115352
0 0.550690 0.526769 0.026318 0.131815
0 0.446964 0.407657 0.022313 0.108074
0 0.618034 0.570940 0.030130 0.126157
0 0.179331 0.548389 0.028828 0.136093
0 0.794659 0.430259 0.028286 0.111444
0 0.594802 0.503347 0.025625 0.113731
0 0.708495 0.297718 0.019000 0.083954
0 0.816716 0.432366 0.019495 0.112509
