0 0.559302 0.151722 0.013760 0.071019
0 0.459984 0.128583 0.021135 0.076463
0 0.676917 0.159921 0.017854 0.077176
0 0.956904 0.177917 0.014026 0.080481
0 0.569646 0.159731 0.014313 0.057315
0 0.638826 0.130546 0.016089 0.069444
0 0.502305 0.144940 0.016536 0.081435
0 0.686336 0.176907 0.014484 0.071852
0 0.945878 0.193259 0.018703 0.084500
0 0.516307 0.215662 0.020177 0.074972
0 0.825628 0.174028 0.020380 0.075815
0 0.400906 0.215042 0.021000 0.090213
0 0.985062 0.226926 0.022375 0.096759
0 0.702846 0.293227 0.021203 0.110324
0 0.361729 0.317801 0.029708 0.109954
0 0.446969 0.293324 0.020750 0.110722
