0 0.675089 0.197407 0.016198 0.079056
0 0.019227 0.669306 0.037953 0.184333
0 0.599622 0.303102 0.022880 0.104704
0 0.818089 0.182269 0.018969 0.063222
0 0.071169 0.130069 0.022568 0.065269
0 0.404674 0.168412 0.015891 0.065324
0 0.985672 0.286213 0.028323 0.086926
0 0.766539 0.211042 0.027922 0.065991
0 0.355201 0.428319 0.026557 0.132917
0 0.337198 0.276731 0.021500 0.105463
0 0.554057 0.405699 0.024000 0.133194
0 0.900971 0.690444 0.035797 0.157870
0 0.424042 0.209750 0.023302 0.079463
0 0.473135 0.209708 0.018906 0.076694
0 0.640732 0.285472 0.021276 0.099648
0 0.352656 0.164583 0.020521 0.059352
0 0.872229 0.282926 0.027000 0.095204
0 0.834133 0.188523 0.021714 0.059731
