0 0.094419 0.541551 0.032391 0.148435
0 0.011435 0.375227 0.022870 0.116250
0 0.420695 0.357204 0.020932 0.106000
0 0.467792 0.243880 0.019094 0.083056
0 0.728516 0.279236 0.018490 0.090898
0 0.573432 0.271333 0.022010 0.118037
0 0.497289 0.242898 0.017057 0.083333
0 0.231203 0.247569 0.018698 0.080194
1 0.546768 0.155856 0.006557 0.010194
0 0.202758 0.285796 0.025193 0.102407
0 0.393443 0.224407 0.016667 0.082111
0 0.935849 0.254440 0.019187 0.089972
0 0.214263 0.254671 0.015526 0.087657
0 0.350464 0.236894 0.019615 0.072787
0 0.547359 0.195148 0.017708 0.085759
0 0.360904 0.198042 0.016630 0.071972
0 0.320461 0.282324 0.013641 0.095111
0 0.328536 0.275806 0.015146 0.101593
0 0.199911 0.231389 0.015469 0.039315
1 0.726643 0.203579 0.006880 0.012306
0 0.821607 0.203333 0.017786 0.090889
