0 0.992083 0.401171 0.015833 0.092472
0 0.753526 0.401718 0.015625 0.094324
0 0.538208 0.370000 0.018563 0.077500
0 0.458883 0.420940 0.023068 0.101287
0 0.389526 0.432153 0.029948 0.090028
0 0.369195 0.415116 0.023745 0.088824
0 0.743930 0.281444 0.017526 0.064000
0 0.413229 0.394556 0.025427 0.081796
0 0.497057 0.447310 0.021656 0.090713
0 0.520018 0.346639 0.018818 0.037926
0 0.514846 0.404500 0.027276 0.107148
0 0.463445 0.377463 0.016620 0.068852
0 0.710802 0.487917 0.021813 0.103278
0 0.295664 0.388810 0.024526 0.086194
0 0.685018 0.434273 0.017776 0.094213
0 0.583292 0.389227 0.019740 0.085398
