0 0.806906 0.284880 0.024240 0.121648
0 0.853005 0.297898 0.022781 0.114907
0 0.984841 0.478282 0.030318 0.144231
0 0.348198 0.552398 0.039896 0.161852
0 0.922701 0.545954 0.046901 0.157296
0 0.745146 0.274620 0.018250 0.113519
0 0.731352 0.279949 0.017964 0.114769
0 0.458557 0.530333 0.026021 0.158778
1 0.474297 0.600208 0.013865 0.020454
0 0.846719 0.249417 0.017615 0.055426
0 0.846052 0.261194 0.016229 0.077685
0 0.847133 0.238847 0.018516 0.035454
0 0.912938 0.281676 0.019833 0.057667
0 0.120646 0.359296 0.023031 0.126259
0 0.881219 0.331731 0.021521 0.088833
0 0.932714 0.305921 0.020427 0.116120
0 0.920182 0.339407 0.017031 0.122704
0 0.899961 0.329847 0.014661 0.114324
0 0.776818 0.347972 0.025698 0.123870
0 0.676870 0.279185 0.020052 0.111537
0 0.746518 0.463231 0.024411 0.148463
