0 0.414948 0.148380 0.020427 0.067148
1 0.407576 0.130130 0.005151 0.008796
0 0.479026 0.412704 0.020375 0.120889
0 0.011930 0.258773 0.023797 0.093398
0 0.386474 0.228532 0.020375 0.090324
0 0.426341 0.242037 0.020089 0.084278
0 0.341768 0.240343 0.019443 0.083019
0 0.194151 0.184046 0.017406 0.079630
0 0.155240 0.208458 0.014677 0.079917
0 0.635891 0.220708 0.016552 0.076269
0 0.889216 0.244028 0.018026 0.079111
0 0.938448 0.218597 0.022177 0.078065
0 0.327628 0.190940 0.014401 0.071750
0 0.348026 0.163764 0.020490 0.068731
0 0.610180 0.340741 0.017672 0.102463
0 0.609672 0.259944 0.021177 0.091463
1 0.822630 0.207278 0.006802 0.012037
0 0.617156 0.200921 0.013500 0.063935
0 0.248536 0.179005 0.016240 0.074528
0 0.235896 0.167685 0.017740 0.067963
0 0.267555 0.144218 0.016536 0.060787
