0 0.629453 0.420000 0.021583 0.148426
0 0.682268 0.435782 0.028745 0.138917
0 0.622763 0.397648 0.017109 0.116426
0 0.641867 0.429255 0.021682 0.129324
0 0.662909 0.422310 0.021578 0.146213
0 0.646664 0.428009 0.027026 0.133074
0 0.026352 0.527505 0.023026 0.133880
0 0.509307 0.434292 0.022219 0.133046
0 0.358922 0.483171 0.021469 0.133731
0 0.589836 0.383162 0.016953 0.125380
0 0.575055 0.429815 0.026995 0.130000
0 0.391109 0.442449 0.025406 0.126713
0 0.556099 0.390560 0.023521 0.120843
0 0.654828 0.344458 0.032479 0.059861
0 0.494638 0.377935 0.018109 0.117407
0 0.511094 0.586069 0.028135 0.150213
0 0.454307 0.387250 0.023510 0.096815
0 0.161857 0.719810 0.029839 0.170880
0 0.484604 0.583694 0.031438 0.151907
0 0.234008 0.752194 0.035286 0.178444
