0 0.865768 0.365833 0.016932 0.091407
0 0.091221 0.434681 0.024682 0.118657
0 0.450016 0.374801 0.024677 0.101120
0 0.568503 0.445778 0.025943 0.115722
0 0.642997 0.369917 0.022047 0.102704
0 0.160378 0.382676 0.020349 0.104889
0 0.671185 0.345245 0.020943 0.090750
0 0.209172 0.336611 0.019187 0.094389
0 0.760714 0.472671 0.034875 0.107861
0 0.112255 0.415412 0.024958 0.110565
0 0.214591 0.545782 0.037870 0.135528
0 0.427990 0.313051 0.020240 0.093694
0 0.736359 0.448894 0.029167 0.123935
0 0.423518 0.269634 0.017109 0.046176
0 0.996880 0.304565 0.006219 0.071370
0 0.430633 0.199000 0.019391 0.065093
1 0.726458 0.501537 0.011292 0.016741
