0 0.689523 0.530583 0.035724 0.169704
0 0.987833 0.309139 0.024156 0.111759
0 0.619417 0.443171 0.028729 0.121528
0 0.333396 0.520079 0.024115 0.144731
0 0.556224 0.230454 0.019240 0.099944
0 0.948313 0.582440 0.033281 0.171620
0 0.005628 0.437431 0.011255 0.143917
0 0.799815 0.103588 0.019359 0.068213
0 0.609633 0.376995 0.022036 0.102287
0 0.033552 0.367625 0.028531 0.138028
0 0.018516 0.390454 0.028667 0.144463
0 0.160029 0.183481 0.019432 0.087574
0 0.417099 0.496019 0.025760 0.154204
0 0.378047 0.895736 0.044500 0.199806
0 0.322065 0.296931 0.030505 0.120491
0 0.549508 0.317079 0.022057 0.095917
