0 0.912930 0.193565 0.020557 0.069852
1 0.198388 0.761597 0.014370 0.021083
0 0.641198 0.317042 0.022698 0.094472
0 0.599388 0.314560 0.014745 0.101176
0 0.622607 0.311921 0.017422 0.107806
0 0.658695 0.294968 0.018380 0.092361
0 0.587464 0.321630 0.017531 0.100389
0 0.481451 0.630398 0.032526 0.154815
0 0.171492 0.712852 0.033484 0.166296
0 0.770773 0.316509 0.017745 0.094000
0 0.910737 0.507963 0.027193 0.133000
0 0.799930 0.326324 0.022661 0.104574
0 0.197164 0.300097 0.017286 0.092657
0 0.687154 0.341676 0.021078 0.103444
0 0.118315 0.606426 0.026818 0.135611
0 0.730221 0.333685 0.019630 0.098074
0 0.212594 0.544185 0.027510 0.135944
0 0.534622 0.352250 0.018693 0.105315
0 0.623159 0.438750 0.028776 0.122333
0 0.485276 0.357681 0.018562 0.106065
