0 0.910057 0.499796 0.032917 0.149889
1 0.262253 0.254000 0.009349 0.018667
0 0.530211 0.388421 0.034859 0.113250
0 0.030500 0.465435 0.025979 0.110648
0 0.320729 0.397199 0.020208 0.144398
0 0.713812 0.397162 0.030854 0.127620
0 0.842307 0.421759 0.034635 0.134556
0 0.122430 0.430106 0.026297 0.118361
0 0.243156 0.497028 0.023615 0.141500
0 0.179630 0.545815 0.037115 0.152278
0 0.494531 0.376519 0.022760 0.089556
0 0.350469 0.483463 0.035156 0.135463
0 0.660573 0.495560 0.030615 0.142861
0 0.302266 0.367949 0.036229 0.110157
