0 0.787214 0.344523 0.023573 0.122917
0 0.488737 0.757639 0.063484 0.189852
0 0.161167 0.311625 0.026469 0.112824
0 0.628945 0.593662 0.055526 0.160157
0 0.399336 0.382403 0.023766 0.129028
0 0.921891 0.185060 0.019010 0.080472
0 0.883745 0.404106 0.042531 0.133231
0 0.663617 0.474718 0.041036 0.144787
0 0.928005 0.371009 0.032771 0.121278
0 0.417159 0.582384 0.048641 0.156454
0 0.389969 0.246444 0.019292 0.101519
0 0.521641 0.492556 0.043458 0.146037
0 0.763690 0.147167 0.020620 0.070333
0 0.808164 0.437477 0.030786 0.137046
0 0.596253 0.057662 0.019578 0.068676
1 0.437753 0.654884 0.012922 0.019583
