0 0.615815 0.401472 0.029693 0.154241
0 0.275057 0.287616 0.031198 0.122324
0 0.574109 0.254421 0.024052 0.116324
0 0.266755 0.142556 0.021250 0.081611
0 0.675143 0.141162 0.027307 0.076065
0 0.193281 0.722417 0.067010 0.199889
0 0.040734 0.136583 0.029677 0.081407
0 0.551161 0.812648 0.045635 0.217407
0 0.879898 0.303028 0.026839 0.122944
0 0.958633 0.487792 0.031057 0.137065
0 0.984716 0.159704 0.019484 0.093593
0 0.986633 0.718486 0.026589 0.203065
0 0.270148 0.456310 0.039005 0.163417
0 0.214357 0.627005 0.038849 0.194806
0 0.509542 0.833917 0.053604 0.235185
1 0.504372 0.931722 0.019151 0.029204
