0 0.827138 0.297528 0.021880 0.126222
0 0.597542 0.183120 0.022969 0.122667
0 0.635367 0.201778 0.027089 0.113093
0 0.668461 0.233079 0.016745 0.075806
0 0.668987 0.170741 0.014120 0.089241
0 0.457740 0.236991 0.025208 0.138407
0 0.799901 0.840653 0.036427 0.240731
0 0.663018 0.191801 0.022891 0.093435
0 0.289852 0.556306 0.034849 0.177111
0 0.577589 0.235690 0.023594 0.122046
0 0.652758 0.289139 0.023182 0.124537
0 0.263091 0.557972 0.033078 0.177056
0 0.474919 0.765861 0.050995 0.215815
0 0.680893 0.300523 0.030203 0.127454
0 0.684667 0.176384 0.019062 0.097435
0 0.416951 0.274630 0.022172 0.139815
0 0.476263 0.249819 0.029120 0.136176
1 0.534156 0.876551 0.021854 0.038843
0 0.762753 0.291375 0.023703 0.130176
