1 0.342773 0.299181 0.005880 0.010120
0 0.880732 0.420236 0.023005 0.118713
0 0.989307 0.402014 0.020531 0.112213
0 0.285458 0.359917 0.016927 0.108870
0 0.468773 0.417509 0.021849 0.111963
0 0.731484 0.322769 0.017427 0.094981
0 0.713115 0.433194 0.025000 0.121926
0 0.447547 0.332009 0.017906 0.036204
0 0.636661 0.375236 0.014365 0.110602
0 0.620276 0.373639 0.019031 0.110889
0 0.645404 0.413130 0.020161 0.084093
0 0.451820 0.392088 0.024099 0.111398
0 0.818529 0.348810 0.024589 0.092361
0 0.811628 0.421912 0.027641 0.122954
0 0.738729 0.445241 0.020917 0.109556
0 0.756529 0.422935 0.021474 0.122259
0 0.488078 0.371505 0.023031 0.107750
0 0.783531 0.383958 0.020562 0.110028
0 0.783568 0.497255 0.025740 0.132972
0 0.711589 0.370069 0.023469 0.043435
