0 0.052073 0.426611 0.031958 0.138185
0 0.166456 0.463565 0.036443 0.141444
0 0.514193 0.362116 0.032062 0.137306
0 0.914792 0.338796 0.027479 0.116463
0 0.028010 0.401565 0.026521 0.135593
0 0.009297 0.493329 0.018021 0.144602
1 0.774190 0.410296 0.012974 0.025167
0 0.034789 0.755231 0.041536 0.179315
0 0.610508 0.442579 0.068641 0.149509
0 0.360492 0.436412 0.043464 0.159509
0 0.463924 0.730296 0.038526 0.209185
0 0.469953 0.552861 0.041156 0.168870
0 0.297661 0.420269 0.040760 0.137444
0 0.276964 0.481759 0.033875 0.155148
0 0.815302 0.414736 0.057802 0.163120