0 0.262422 0.279722 0.020729 0.097815
1 0.705344 0.926144 0.007406 0.012935
1 0.876107 0.949051 0.009036 0.016454
0 0.614909 0.150347 0.012359 0.044250
1 0.655388 0.938639 0.007901 0.012685
1 0.678633 0.994685 0.006766 0.010630
1 0.828510 0.960731 0.008396 0.015019
1 0.779896 0.973083 0.007365 0.013111
1 0.729299 0.984639 0.008141 0.014333
0 0.475042 0.173384 0.013781 0.066472
1 0.308159 0.266106 0.007005 0.012213
0 0.483091 0.165954 0.016443 0.075019
0 0.520604 0.292463 0.016260 0.102056
0 0.347203 0.408708 0.028635 0.151343
0 0.536172 0.292444 0.022771 0.105889
0 0.493130 0.291676 0.026031 0.112556
0 0.620966 0.195125 0.019245 0.080083
0 0.318875 0.516667 0.027406 0.161278
0 0.954266 0.207685 0.019135 0.083907
0 0.649047 0.203338 0.015760 0.083139
0 0.776404 0.180949 0.020453 0.081750
0 0.074745 0.610005 0.039708 0.187583
0 0.559214 0.252491 0.020240 0.090630
0 0.865026 0.222866 0.016708 0.089306
0 0.524039 0.394477 0.023464 0.124157
0 0.372221 0.410884 0.024255 0.137306
0 0.715786 0.260287 0.017052 0.101796
0 0.468201 0.334259 0.025453 0.118519
