0 0.271417 0.478338 0.010656 0.060083
0 0.430193 0.489972 0.010917 0.052593
0 0.295505 0.488171 0.010615 0.048509
0 0.324867 0.478296 0.010651 0.049500
0 0.150914 0.508579 0.014682 0.052306
0 0.232849 0.478083 0.011146 0.045833
0 0.532062 0.465463 0.010448 0.045648
0 0.453307 0.476829 0.014542 0.054657
0 0.309745 0.479708 0.010333 0.053435
0 0.884956 0.522083 0.013286 0.058019
0 0.466562 0.477671 0.010719 0.052694
0 0.375156 0.487949 0.013708 0.051750
0 0.977018 0.534597 0.017286 0.064194
0 0.495299 0.462366 0.011536 0.047343
0 0.381758 0.474130 0.011901 0.047296
1 0.916617 0.549722 0.007339 0.012037
0 0.486732 0.464190 0.009182 0.051194
0 0.007414 0.544565 0.014672 0.069704
0 0.358073 0.474042 0.010437 0.046565
