0 0.451880 0.378301 0.016094 0.026194
0 0.235286 0.439324 0.024302 0.036963
0 0.465240 0.468588 0.020781 0.087750
0 0.333852 0.406273 0.021089 0.079213
0 0.455424 0.433389 0.021516 0.108037
0 0.126266 0.595579 0.028833 0.157083
0 0.540372 0.445421 0.029151 0.111713
0 0.232273 0.470181 0.021943 0.096843
0 0.336422 0.487394 0.019969 0.106898
0 0.319159 0.501292 0.023672 0.080861
0 0.505281 0.427194 0.020615 0.105352
0 0.041646 0.683056 0.044177 0.100352
0 0.935052 0.402139 0.019135 0.085000
0 0.430898 0.441972 0.021682 0.115981
0 0.345745 0.453310 0.014823 0.092602
0 0.367742 0.451259 0.021380 0.103500
0 0.296466 0.469366 0.026755 0.154917
0 0.378211 0.423741 0.021495 0.101352
0 0.238924 0.501644 0.030724 0.125602
