0 0.363326 0.441727 0.015984 0.096046
0 0.276573 0.437639 0.011750 0.064407
0 0.337935 0.477241 0.018401 0.087704
0 0.285286 0.423843 0.014427 0.065648
0 0.321810 0.432009 0.016693 0.053944
0 0.323260 0.477056 0.021875 0.094611
0 0.283521 0.509870 0.026000 0.085111
0 0.346492 0.443708 0.020432 0.086731
0 0.525414 0.443736 0.022880 0.095213
0 0.048872 0.487949 0.026495 0.106713
0 0.435167 0.433755 0.019240 0.101509
0 0.487987 0.422500 0.020724 0.099889
0 0.190919 0.512699 0.026630 0.114046
0 0.006924 0.498546 0.013776 0.105611
0 0.383477 0.437963 0.019526 0.092148
0 0.262089 0.452333 0.020177 0.098593
0 0.128919 0.583116 0.031609 0.116194
0 0.181344 0.437556 0.020187 0.087685
