0 0.078240 0.468181 0.058646 0.265102
0 0.692310 0.562764 0.051422 0.284620
0 0.025641 0.551819 0.050229 0.194083
0 0.702125 0.418713 0.042313 0.098167
0 0.502164 0.454449 0.048964 0.230806
0 0.054190 0.387009 0.032734 0.199074
0 0.310182 0.515509 0.033302 0.157019
1 0.696557 0.683597 0.020302 0.036157
1 0.787909 0.682444 0.015193 0.023593
1 0.790706 0.683093 0.017005 0.027778
0 0.254906 0.495065 0.051448 0.271315
0 0.480151 0.528292 0.050146 0.271713
0 0.572328 0.568264 0.052260 0.303472
0 0.631870 0.500542 0.054729 0.284713
0 0.154138 0.393398 0.038318 0.248704
0 0.298802 0.360810 0.036562 0.215046
0 0.733245 0.565769 0.068542 0.294556
0 0.777073 0.559162 0.044635 0.296472
0 0.725042 0.157986 0.034531 0.170380
