0 0.411586 0.395505 0.015661 0.073157
0 0.778089 0.392185 0.014177 0.080796
0 0.573169 0.404491 0.015203 0.077778
0 0.030177 0.392185 0.021708 0.077056
1 0.319193 0.450380 0.007667 0.013037
0 0.835846 0.874671 0.041589 0.205509
0 0.322263 0.419194 0.020089 0.075296
0 0.268758 0.459102 0.019036 0.086278
0 0.394932 0.430185 0.023865 0.076463
0 0.577005 0.485431 0.020469 0.096120
0 0.127393 0.470125 0.022776 0.097676
0 0.686385 0.456838 0.017854 0.092102
0 0.670510 0.583782 0.040667 0.130898
0 0.981763 0.447194 0.017724 0.100370
0 0.861721 0.402088 0.014901 0.076139
0 0.610151 0.491611 0.018948 0.104574
0 0.552203 0.478306 0.022656 0.097593
