0 0.544185 0.404907 0.017422 0.082407
0 0.895596 0.409940 0.017984 0.072157
0 0.723000 0.458917 0.022323 0.087852
0 0.585555 0.496324 0.018943 0.099611
0 0.437169 0.587111 0.030182 0.127222
0 0.492643 0.534889 0.021089 0.103537
0 0.315224 0.482838 0.015542 0.099991
0 0.885497 0.299981 0.012203 0.037611
0 0.387227 0.430134 0.018630 0.039083
0 0.419646 0.343981 0.013729 0.056352
0 0.889008 0.333389 0.015443 0.054370
0 0.572229 0.475074 0.019635 0.085056
0 0.735318 0.361116 0.011146 0.057417
0 0.298914 0.489569 0.018068 0.092583
0 0.390758 0.484505 0.019089 0.093583
0 0.985552 0.404019 0.015313 0.074556
