0 0.154010 0.379722 0.027187 0.107537
0 0.350820 0.348019 0.018714 0.103185
0 0.445049 0.266634 0.019401 0.080565
0 0.527451 0.354366 0.030391 0.111750
0 0.274047 0.323352 0.020927 0.089352
0 0.144810 0.645847 0.034693 0.170028
0 0.617716 0.481296 0.034891 0.141944
0 0.544997 0.565620 0.027786 0.181111
0 0.060742 0.525046 0.028307 0.140296
0 0.792487 0.414741 0.025078 0.125093
0 0.612687 0.379588 0.021094 0.091639
0 0.936956 0.449481 0.030672 0.128481
0 0.469612 0.365097 0.025755 0.108657
0 0.815021 0.410088 0.021604 0.118157
0 0.367258 0.345787 0.018307 0.104370
1 0.538724 0.478301 0.012125 0.016824
0 0.641477 0.381120 0.020547 0.115944
