0 0.893602 0.532190 0.032661 0.137620
0 0.442628 0.463880 0.026078 0.116167
0 0.086565 0.465120 0.026453 0.115389
0 0.137755 0.425843 0.023781 0.100148
0 0.092198 0.397208 0.019156 0.073028
1 0.533544 0.411514 0.007766 0.015417
0 0.570185 0.410356 0.025516 0.095769
0 0.916846 0.466685 0.021609 0.107093
0 0.426029 0.440690 0.025620 0.106361
0 0.607779 0.403926 0.023078 0.093741
0 0.584005 0.400815 0.017552 0.098519
0 0.114044 0.429977 0.032328 0.047194
0 0.825096 0.421671 0.021443 0.104787
0 0.963904 0.522329 0.036203 0.133269
0 0.854807 0.680852 0.062323 0.187500
