0 0.763857 0.460681 0.021995 0.103713
1 0.504018 0.420116 0.005755 0.011324
0 0.213130 0.537495 0.024667 0.112917
0 0.255766 0.481431 0.019917 0.096120
0 0.268930 0.356713 0.013297 0.058204
0 0.472487 0.401426 0.016255 0.051796
0 0.190542 0.322875 0.013187 0.039546
0 0.453049 0.360574 0.014807 0.057463
0 0.289052 0.425449 0.016719 0.085991
0 0.190802 0.365676 0.014729 0.062130
0 0.647924 0.369630 0.012505 0.061444
0 0.662190 0.391509 0.015995 0.078704
0 0.625320 0.407486 0.020964 0.069843
0 0.502516 0.403454 0.020104 0.052333
0 0.606984 0.387644 0.014500 0.065250
0 0.630258 0.745500 0.026724 0.168296
0 0.634547 0.563495 0.022812 0.119639
0 0.126971 0.399167 0.016161 0.073722
0 0.023193 0.430509 0.017167 0.087778
0 0.225937 0.386542 0.014865 0.066083
0 0.877302 0.470046 0.021708 0.091870
0 0.403682 0.503361 0.017906 0.097704
