0 0.249089 0.510889 0.035750 0.134648
0 0.782206 0.612856 0.031193 0.145528
0 0.183172 0.434616 0.025010 0.115806
0 0.650823 0.643491 0.061625 0.144148
0 0.938810 0.458796 0.031578 0.118389
0 0.032909 0.441287 0.027932 0.126167
0 0.438089 0.487310 0.036656 0.137806
0 0.748576 0.471403 0.032589 0.115361
0 0.894003 0.541764 0.036255 0.130306
0 0.439620 0.340398 0.019563 0.096148
0 0.813685 0.344657 0.022161 0.092907
0 0.539372 0.305606 0.018141 0.070676
0 0.040479 0.355120 0.017594 0.079852
0 0.025187 0.283398 0.013917 0.057889
0 0.045904 0.297505 0.017036 0.068324
0 0.926698 0.613463 0.037885 0.148389
0 0.180867 0.375023 0.020661 0.048824
