0 0.112333 0.421574 0.032271 0.151852
0 0.705828 0.326097 0.026844 0.118269
0 0.346594 0.293690 0.025438 0.109583
0 0.711997 0.493093 0.037057 0.184593
0 0.569375 0.473694 0.034094 0.171556
0 0.685328 0.690019 0.050510 0.227407
0 0.508411 0.268708 0.018854 0.096380
0 0.835260 0.309440 0.026646 0.119731
0 0.297833 0.444815 0.039500 0.162611
0 0.150677 0.313546 0.027625 0.103019
0 0.070690 0.328870 0.029422 0.088778
0 0.008437 0.254769 0.016875 0.088944
1 0.645865 0.370060 0.012333 0.022472
0 0.785438 0.736838 0.045906 0.245139
0 0.541247 0.366519 0.030516 0.124259
