0 0.132911 0.612870 0.030792 0.154481
0 0.381677 0.683972 0.039312 0.180574
0 0.699445 0.605144 0.032849 0.152046
0 0.842799 0.637486 0.038568 0.167324
0 0.758128 0.663403 0.036130 0.171083
0 0.094172 0.665102 0.038948 0.171556
0 0.918719 0.592931 0.039042 0.155861
0 0.270281 0.585741 0.035167 0.147000
0 0.327417 0.655296 0.039156 0.159222
0 0.032391 0.619875 0.033073 0.152898
0 0.327940 0.570463 0.037005 0.088907
0 0.492448 0.604685 0.031469 0.161426
0 0.662263 0.631569 0.061828 0.079454
0 0.534065 0.747889 0.033828 0.159963
0 0.531750 0.623009 0.028542 0.105093
