0 0.168742 0.516801 0.025307 0.087491
0 0.533073 0.538065 0.034635 0.141074
0 0.575065 0.555625 0.031234 0.117676
0 0.658549 0.518444 0.022828 0.116611
0 0.737932 0.578389 0.037594 0.136037
0 0.483810 0.514162 0.022620 0.121991
0 0.390341 0.489755 0.024036 0.120343
0 0.859292 0.515981 0.029969 0.117259
0 0.421516 0.516255 0.023729 0.123713
0 0.088016 0.541380 0.021604 0.114056
0 0.336227 0.510282 0.019984 0.119806
0 0.444208 0.528394 0.025344 0.117509
0 0.992096 0.593023 0.015807 0.159157
0 0.289378 0.493083 0.022578 0.107056
0 0.482284 0.450532 0.020068 0.043250
0 0.803055 0.487301 0.027526 0.110194
0 0.640633 0.460662 0.034703 0.102157
