0 0.604747 0.469056 0.008661 0.033796
0 0.603596 0.506093 0.009776 0.044667
0 0.521682 0.509463 0.010615 0.050907
0 0.721958 0.494495 0.010021 0.045972
0 0.652156 0.523370 0.009240 0.050796
0 0.534599 0.554079 0.011875 0.057361
0 0.793500 0.516375 0.012406 0.055657
0 0.639078 0.586671 0.015802 0.072250
0 0.938388 0.636593 0.017630 0.088148
0 0.462180 0.471426 0.009651 0.033611
0 0.524766 0.773704 0.024073 0.118648
0 0.575661 0.482287 0.006135 0.027019
0 0.460214 0.511648 0.011448 0.047056
0 0.582943 0.489375 0.009437 0.025843
0 0.557888 0.501046 0.010401 0.052037
0 0.550685 0.487620 0.008495 0.041852
0 0.568810 0.501097 0.013630 0.051731
0 0.582117 0.525519 0.011339 0.052648
0 0.474138 0.553722 0.013609 0.057352
0 0.507451 0.666431 0.021161 0.096491
