0 0.874930 0.488074 0.030380 0.105037
0 0.441815 0.569449 0.045536 0.124046
0 0.361305 0.429764 0.017943 0.098824
0 0.027174 0.648856 0.036807 0.162639
0 0.222896 0.714903 0.056990 0.161176
0 0.481357 0.408583 0.018828 0.092463
0 0.529224 0.364625 0.017573 0.087306
0 0.559018 0.322292 0.013349 0.065787
0 0.567779 0.558736 0.032401 0.129731
0 0.868865 0.658847 0.049833 0.163509
0 0.155818 0.576977 0.047958 0.132565
0 0.613310 0.549019 0.026443 0.131481
0 0.669659 0.383519 0.014891 0.094259
0 0.681771 0.377444 0.014052 0.086278
0 0.848336 0.434949 0.024141 0.107935
0 0.259203 0.681713 0.034573 0.165944
0 0.946411 0.614653 0.031885 0.142028
1 0.275406 0.778528 0.014896 0.025204
