0 0.349385 0.565727 0.026677 0.112028
0 0.465919 0.374421 0.011443 0.050102
0 0.461237 0.415972 0.015359 0.067611
0 0.095734 0.401458 0.017615 0.058343
1 0.683943 0.401759 0.007000 0.011852
0 0.625284 0.556218 0.022214 0.104157
0 0.216937 0.462819 0.017802 0.084880
0 0.726721 0.415778 0.017839 0.075630
0 0.289096 0.482486 0.017161 0.086157
0 0.595669 0.426977 0.017234 0.077583
0 0.152875 0.392486 0.012188 0.058269
0 0.450755 0.470208 0.019615 0.079935
0 0.381802 0.392838 0.013563 0.060083
0 0.744464 0.372519 0.012354 0.065037
0 0.305057 0.420227 0.017979 0.064546
