0 0.465935 0.394833 0.011693 0.052278
0 0.474859 0.386477 0.008708 0.035917
0 0.259430 0.351412 0.009818 0.036676
0 0.662003 0.395083 0.012547 0.053704
0 0.194948 0.410306 0.011365 0.056222
0 0.238763 0.409356 0.011745 0.053417
0 0.350237 0.437852 0.015161 0.066537
0 0.213760 0.399292 0.012948 0.050083
0 0.714810 0.416264 0.014005 0.054361
0 0.545625 0.378148 0.010052 0.042889
0 0.287701 0.442120 0.013943 0.065907
0 0.452518 0.383889 0.010141 0.046685
0 0.361331 0.376824 0.009328 0.038204
0 0.630185 0.379403 0.009557 0.047194
0 0.571302 0.352644 0.008896 0.032954
0 0.404544 0.388889 0.010297 0.044741
0 0.680784 0.409380 0.011068 0.056852
0 0.594422 0.389481 0.009573 0.050241
0 0.339646 0.401880 0.012792 0.052944
0 0.622883 0.370292 0.008849 0.039991
0 0.483315 0.379736 0.009766 0.042583
0 0.333154 0.376190 0.012620 0.043583
