0 0.874844 0.636556 0.054875 0.177056
0 0.313552 0.517560 0.027010 0.134898
0 0.809685 0.523870 0.035297 0.141630
0 0.420706 0.692269 0.040307 0.196037
0 0.078253 0.697440 0.037839 0.202454
0 0.233888 0.500486 0.020182 0.128472
0 0.867078 0.457537 0.032000 0.103759
0 0.362893 0.554778 0.030911 0.153167
0 0.171799 0.683074 0.035724 0.192074
0 0.588534 0.623315 0.055089 0.080352
0 0.585786 0.500569 0.031198 0.126750
0 0.204247 0.627222 0.026516 0.169185
0 0.882471 0.525565 0.037318 0.102574
0 0.546456 0.604995 0.040568 0.127917
1 0.686747 0.641319 0.015359 0.022935
0 0.458940 0.420838 0.029526 0.110398
0 0.627375 0.400375 0.021458 0.101472
