0 0.765875 0.584954 0.027563 0.131296
0 0.736729 0.520278 0.022354 0.098889
0 0.161690 0.699968 0.032870 0.156380
1 0.438523 0.798806 0.016318 0.029481
0 0.318169 0.602264 0.027068 0.125435
0 0.717997 0.628343 0.031964 0.137093
0 0.953896 0.721157 0.044885 0.178148
0 0.897396 0.493167 0.019198 0.085333
0 0.134534 0.714269 0.031568 0.166833
0 0.420568 0.847782 0.047885 0.231602
0 0.844500 0.511065 0.017292 0.099093
0 0.481672 0.512370 0.020552 0.095333
0 0.436461 0.596139 0.021932 0.123167
0 0.530865 0.559023 0.022813 0.110194
0 0.733260 0.717125 0.032104 0.173528
0 0.407292 0.638977 0.024625 0.137194
0 0.910279 0.547185 0.022839 0.107500
