0 0.178557 0.592218 0.018552 0.090972
0 0.501156 0.567472 0.018385 0.087185
0 0.108518 0.579991 0.017641 0.084778
0 0.151987 0.581894 0.017797 0.083306
0 0.406466 0.589852 0.028589 0.097389
0 0.612099 0.575333 0.019594 0.089241
0 0.268549 0.568116 0.022734 0.087231
0 0.371669 0.535639 0.010734 0.051778
0 0.459466 0.585315 0.021536 0.089944
1 0.262557 0.499713 0.007302 0.012833
0 0.292159 0.567727 0.020443 0.080028
0 0.284630 0.565208 0.015625 0.086102
0 0.569589 0.566417 0.022052 0.079000
0 0.419260 0.560458 0.019510 0.069194
0 0.295266 0.568019 0.015510 0.075759
0 0.451083 0.550769 0.014344 0.073648
0 0.434076 0.557542 0.016630 0.071417
0 0.257698 0.533514 0.014240 0.060398
0 0.382831 0.556134 0.019109 0.068157
0 0.564768 0.593704 0.022911 0.088685
