0 0.309547 0.534074 0.013042 0.076722
0 0.154078 0.572926 0.015927 0.085500
0 0.291302 0.520310 0.015833 0.069657
0 0.264906 0.528611 0.016854 0.072741
0 0.333607 0.537634 0.015995 0.082083
0 0.216359 0.519333 0.016208 0.075148
0 0.119060 0.589139 0.029391 0.103889
0 0.029643 0.530037 0.015641 0.077056
0 0.370919 0.538870 0.015203 0.074444
0 0.098802 0.536273 0.014917 0.075065
0 0.942602 0.619884 0.018172 0.099157
0 0.359753 0.527444 0.013203 0.071944
0 0.016083 0.523032 0.015240 0.077380
0 0.114917 0.517218 0.012146 0.065620
0 0.991370 0.632000 0.016667 0.098963
0 0.144117 0.531199 0.015599 0.077269
0 0.125701 0.531912 0.013984 0.075731
1 0.952667 0.665505 0.007385 0.011546
