0 0.880146 0.467208 0.024448 0.105213
0 0.520839 0.470991 0.018229 0.096796
0 0.387458 0.481644 0.023417 0.069639
0 0.341112 0.563644 0.027964 0.027713
0 0.194937 0.569653 0.029604 0.136046
0 0.469964 0.500148 0.022823 0.113370
0 0.009974 0.554120 0.019844 0.135574
0 0.493766 0.506343 0.024177 0.116667
0 0.071292 0.468069 0.023229 0.100898
0 0.380779 0.562056 0.026536 0.128852
0 0.674867 0.533588 0.028245 0.132028
0 0.347669 0.708361 0.036297 0.204722
0 0.866914 0.536657 0.033224 0.131611
0 0.020578 0.482250 0.021448 0.102056
0 0.590831 0.537028 0.023859 0.124037
0 0.303591 0.516722 0.023495 0.114352
0 0.956281 0.501106 0.032562 0.118620
0 0.486422 0.479306 0.014188 0.100944
0 0.187576 0.521389 0.022255 0.106759
1 0.404479 0.555917 0.009969 0.016148
