0 0.326906 0.587514 0.021635 0.127972
0 0.481172 0.517394 0.018844 0.102306
0 0.675945 0.507028 0.020432 0.104352
0 0.421315 0.535861 0.021349 0.106778
0 0.880359 0.478542 0.019219 0.081491
0 0.366523 0.543894 0.025578 0.115954
0 0.349958 0.734116 0.033312 0.180991
0 0.805229 0.442361 0.021437 0.083519
0 0.657716 0.490708 0.023599 0.087602
0 0.983427 0.453139 0.017667 0.086222
0 0.111607 0.542838 0.017370 0.098528
1 0.653198 0.374579 0.009302 0.015231
0 0.874273 0.532426 0.026047 0.114148
0 0.765958 0.525185 0.022771 0.110630
0 0.572487 0.542713 0.022724 0.117148
0 0.967057 0.482792 0.021177 0.099250
0 0.831299 0.604338 0.031714 0.157269
