0 0.082784 0.386486 0.037297 0.141139
0 0.422026 0.319551 0.024167 0.106731
0 0.905688 0.329088 0.017198 0.104750
0 0.735464 0.256722 0.017708 0.079463
0 0.881547 0.353380 0.024990 0.117389
0 0.976320 0.257093 0.014161 0.083019
0 0.156794 0.267190 0.014651 0.080991
0 0.524224 0.274264 0.016490 0.085269
0 0.647695 0.300208 0.018797 0.086750
0 0.843786 0.265579 0.016292 0.076269
0 0.898349 0.262181 0.019219 0.065546
0 0.246672 0.293199 0.021385 0.097824
0 0.129148 0.269537 0.020536 0.084500
1 0.762549 0.315236 0.008349 0.014750
1 0.827221 0.298454 0.007224 0.010815
0 0.641904 0.269273 0.014141 0.079694
0 0.996719 0.253412 0.006562 0.088602
0 0.532133 0.258505 0.015880 0.085657
0 0.930419 0.383009 0.026089 0.129315
