0 0.697490 0.451199 0.033552 0.171454
0 0.434148 0.382468 0.024203 0.134009
0 0.267086 0.680981 0.042807 0.245185
0 0.066174 0.557968 0.032276 0.199824
0 0.141258 0.567741 0.038089 0.191259
0 0.964820 0.450958 0.030380 0.173861
0 0.729745 0.414037 0.030687 0.166074
0 0.231680 0.392102 0.025755 0.122259
0 0.857151 0.393079 0.026458 0.151361
0 0.006995 0.449741 0.013990 0.134722
0 0.866547 0.360167 0.015906 0.115963
0 0.379169 0.457194 0.028911 0.180500
0 0.470734 0.360556 0.020167 0.125741
1 0.021857 0.408042 0.011016 0.015028
0 0.255937 0.384306 0.030844 0.127056
0 0.804555 0.655023 0.047786 0.255657
