0 0.296169 0.486333 0.024474 0.122111
0 0.332151 0.444380 0.014323 0.057981
0 0.411375 0.486310 0.020917 0.121583
0 0.510034 0.465102 0.023922 0.111500
0 0.422242 0.471361 0.017036 0.103704
0 0.604167 0.532704 0.025938 0.127315
0 0.168380 0.500829 0.027115 0.112694
0 0.387711 0.542245 0.029484 0.138935
0 0.254005 0.480519 0.022729 0.111315
0 0.069177 0.513556 0.020948 0.114815
0 0.566633 0.481190 0.018974 0.107120
0 0.342763 0.485463 0.029724 0.117741
0 0.091112 0.509931 0.029964 0.091472
0 0.050570 0.489792 0.019641 0.111083
0 0.310958 0.488838 0.019802 0.116491
