0 0.430115 0.509486 0.011469 0.036269
1 0.377081 0.522523 0.008828 0.011935
1 0.483154 0.530847 0.006422 0.010417
0 0.425693 0.550458 0.019927 0.076843
0 0.621534 0.630231 0.024984 0.113463
0 0.911581 0.686384 0.031286 0.126454
0 0.814461 0.608370 0.022953 0.107000
0 0.266445 0.571838 0.024370 0.087806
0 0.201549 0.599824 0.028526 0.100333
0 0.107703 0.577023 0.018281 0.092769
0 0.669133 0.560218 0.016922 0.086361
0 0.217867 0.522505 0.018474 0.073028
0 0.228667 0.521917 0.012510 0.069444
0 0.192966 0.557653 0.017120 0.076102
0 0.417742 0.519671 0.013109 0.058454
