0 0.086924 0.482468 0.016141 0.094917
0 0.838086 0.533931 0.020630 0.117472
0 0.669896 0.528940 0.028375 0.113546
0 0.462557 0.487083 0.029281 0.084352
0 0.609258 0.494880 0.018734 0.092593
0 0.241159 0.490394 0.017099 0.096083
0 0.313737 0.660032 0.034630 0.161194
0 0.706263 0.517903 0.019328 0.113769
0 0.179471 0.506810 0.029391 0.092491
0 0.454229 0.539106 0.024479 0.111769
0 0.302008 0.500245 0.025161 0.105250
0 0.492328 0.508190 0.025240 0.098731
0 0.014539 0.482829 0.027828 0.085083
0 0.344857 0.538171 0.028839 0.111843
1 0.382060 0.251593 0.009443 0.018315
0 0.330570 0.514093 0.021120 0.108037
0 0.633620 0.490167 0.015167 0.099778
0 0.759758 0.509926 0.020568 0.111352
