0 0.585854 0.434144 0.009385 0.061620
0 0.696784 0.384171 0.010516 0.037824
0 0.581609 0.441546 0.016740 0.066759
0 0.196370 0.501245 0.020156 0.074898
0 0.761284 0.431616 0.014401 0.055417
0 0.694432 0.482259 0.015948 0.072833
0 0.248594 0.423606 0.011823 0.056750
0 0.156563 0.528593 0.021812 0.081167
0 0.279490 0.621611 0.040177 0.117519
0 0.611049 0.490495 0.025182 0.075972
0 0.134917 0.514009 0.023125 0.084519
0 0.829839 0.555759 0.026302 0.105556
0 0.994174 0.493037 0.011651 0.082444
1 0.210370 0.388454 0.007385 0.018241
0 0.972021 0.508750 0.018469 0.077963
0 0.498599 0.540333 0.020396 0.091259
0 0.451081 0.443324 0.013797 0.067796
0 0.818396 0.556074 0.021052 0.107074
