0 0.582128 0.407472 0.031047 0.146500
0 0.462396 0.466190 0.037094 0.133083
0 0.635638 0.487366 0.039984 0.164065
0 0.219870 0.478551 0.044021 0.133713
0 0.625380 0.384917 0.024312 0.095444
0 0.602727 0.390662 0.019609 0.132324
0 0.692570 0.436884 0.033870 0.115231
0 0.513779 0.458718 0.046328 0.131065
0 0.960807 0.317958 0.023083 0.099880
0 0.514586 0.595449 0.042266 0.222009
0 0.425927 0.489866 0.038875 0.180287
0 0.930365 0.445486 0.030792 0.155898
0 0.548956 0.412218 0.035995 0.145639
0 0.494773 0.432278 0.019766 0.117259
0 0.563839 0.410111 0.019562 0.147981
1 0.415591 0.272125 0.012443 0.019509
0 0.354784 0.473690 0.033474 0.058306
