0 0.581336 0.570227 0.035651 0.193954
0 0.431654 0.533718 0.037620 0.193657
0 0.899516 0.350810 0.020177 0.048380
0 0.669177 0.435856 0.027948 0.154157
0 0.645354 0.431921 0.027073 0.158472
0 0.800409 0.415764 0.028026 0.157046
0 0.757005 0.415370 0.041062 0.155630
0 0.455052 0.525639 0.025948 0.199093
0 0.766125 0.416611 0.022719 0.158537
1 0.557276 0.564926 0.014927 0.025796
0 0.782833 0.410880 0.018979 0.156963
0 0.749633 0.415718 0.025714 0.143157
0 0.887206 0.406259 0.027370 0.153389
0 0.554562 0.489343 0.023812 0.169833
0 0.505734 0.510384 0.025229 0.188120
0 0.533104 0.582861 0.046125 0.203444
0 0.478917 0.515685 0.030677 0.185426
0 0.369979 0.540282 0.032958 0.192750
