0 0.011732 0.615713 0.023349 0.105352
0 0.590453 0.609556 0.025031 0.110815
0 0.473789 0.544708 0.016432 0.089787
0 0.716893 0.479856 0.016693 0.062139
1 0.307089 0.539713 0.011927 0.016333
0 0.457208 0.534509 0.016823 0.075093
0 0.187195 0.476208 0.013984 0.059157
0 0.543398 0.468218 0.011984 0.056435
0 0.869232 0.517389 0.019505 0.054296
0 0.756102 0.525440 0.015745 0.083157
0 0.229490 0.469134 0.014219 0.064472
0 0.690927 0.673940 0.047833 0.107528
0 0.011180 0.516296 0.018839 0.076481
0 0.469299 0.695097 0.032724 0.132120
0 0.182982 0.590940 0.032547 0.080843
0 0.342185 0.498769 0.014411 0.072981
0 0.540122 0.553208 0.020745 0.083287
0 0.660214 0.617833 0.024063 0.100944
0 0.228383 0.570157 0.027339 0.093389
0 0.864206 0.573995 0.027661 0.101657
