0 0.441281 0.462718 0.022250 0.114009
0 0.620411 0.625190 0.046583 0.167139
0 0.718354 0.515139 0.044542 0.142167
0 0.963565 0.593208 0.053141 0.157750
0 0.623091 0.431690 0.022703 0.097454
0 0.048086 0.590694 0.036766 0.171963
0 0.962646 0.485819 0.035312 0.098139
0 0.341901 0.513213 0.030187 0.127278
0 0.104091 0.542514 0.043401 0.131602
1 0.591219 0.277134 0.015969 0.026065
0 0.325146 0.441227 0.029031 0.077713
0 0.616167 0.372213 0.025771 0.051370
0 0.253003 0.448912 0.028901 0.090806
0 0.516036 0.566708 0.031469 0.134898
0 0.530531 0.508167 0.032500 0.094648
0 0.362849 0.556440 0.037323 0.128843
0 0.510797 0.432685 0.025656 0.104574
0 0.146935 0.545301 0.027599 0.113861
