0 0.536771 0.452144 0.017010 0.100231
0 0.765508 0.389222 0.012297 0.076204
0 0.797471 0.406338 0.018286 0.086991
0 0.385031 0.470185 0.020490 0.102722
0 0.243997 0.505398 0.018307 0.114778
0 0.775352 0.448069 0.020370 0.107472
0 0.477117 0.426903 0.021828 0.074157
0 0.479034 0.524481 0.026005 0.119704
0 0.589484 0.392412 0.017208 0.081046
0 0.566768 0.448148 0.018047 0.096148
0 0.616854 0.428069 0.019323 0.089750
0 0.273240 0.488440 0.024583 0.086065
0 0.946195 0.440940 0.025620 0.114287
0 0.632169 0.463065 0.025057 0.109519
0 0.355023 0.452042 0.016745 0.094991
