0 0.626201 0.512296 0.029828 0.143241
0 0.196690 0.500718 0.030036 0.130898
0 0.701281 0.488125 0.023844 0.131750
0 0.876768 0.401815 0.018682 0.101963
1 0.794255 0.411227 0.006583 0.012454
0 0.447232 0.474181 0.026703 0.126843
0 0.583242 0.420815 0.021651 0.100778
0 0.362458 0.492880 0.026437 0.135093
0 0.219937 0.473657 0.021604 0.124574
0 0.420430 0.483537 0.019755 0.129278
0 0.311255 0.472079 0.030823 0.131028
0 0.388552 0.494981 0.020281 0.143796
0 0.400844 0.423060 0.016927 0.058639
0 0.407701 0.494153 0.024880 0.142546
0 0.789969 0.386157 0.015427 0.062111
0 0.296375 0.455884 0.024375 0.106657
0 0.799622 0.369532 0.015641 0.090750
0 0.378708 0.484912 0.021469 0.130361
0 0.375786 0.491995 0.015313 0.144435
0 0.523828 0.479815 0.020594 0.128352
0 0.547854 0.482616 0.023604 0.132898
0 0.571977 0.479329 0.023693 0.130120
0 0.763818 0.408838 0.020010 0.109009
