0 0.509057 0.402153 0.025365 0.086528
1 0.375323 0.543181 0.010448 0.013250
0 0.381318 0.501847 0.029677 0.092620
0 0.170846 0.482347 0.018714 0.099898
0 0.361901 0.518870 0.028906 0.127944
0 0.798208 0.489222 0.025562 0.109167
0 0.432378 0.466708 0.022807 0.100139
0 0.007237 0.521644 0.014474 0.128528
0 0.434914 0.583120 0.049078 0.135074
0 0.159021 0.548125 0.029604 0.134380
0 0.207406 0.492296 0.023396 0.113630
0 0.325833 0.606972 0.045719 0.164870
0 0.413867 0.477481 0.021432 0.105500
0 0.328578 0.483634 0.024510 0.102991
0 0.761891 0.485528 0.022917 0.109833
0 0.046094 0.679185 0.063042 0.179796
0 0.926065 0.493324 0.028818 0.133130
0 0.599185 0.452639 0.023432 0.107111
