0 0.938023 0.413972 0.030589 0.139370
0 0.496221 0.393426 0.021484 0.134296
0 0.635315 0.355931 0.019370 0.110824
0 0.968734 0.312935 0.021510 0.099204
0 0.911651 0.373745 0.033990 0.084602
0 0.402284 0.366417 0.022307 0.123352
0 0.916852 0.306435 0.025370 0.072130
0 0.883823 0.358236 0.034656 0.111194
0 0.238466 0.409236 0.036630 0.132731
0 0.441672 0.326046 0.023625 0.098630
0 0.984208 0.364269 0.029792 0.106574
0 0.857039 0.401542 0.030953 0.129731
0 0.171281 0.474273 0.025406 0.160731
0 0.662974 0.332574 0.020219 0.105426
0 0.308740 0.363546 0.020083 0.108222
0 0.721781 0.372616 0.025812 0.103194
0 0.353797 0.374032 0.023958 0.122102
0 0.535128 0.346495 0.026557 0.106213
