1 0.274388 0.608380 0.012734 0.016852
0 0.993508 0.521463 0.012880 0.063722
0 0.076971 0.566144 0.036651 0.125991
0 0.293687 0.490435 0.023844 0.088019
0 0.672263 0.557875 0.034089 0.103769
0 0.816143 0.523231 0.017682 0.085778
0 0.157659 0.507880 0.021620 0.094204
0 0.329547 0.583639 0.042427 0.116500
0 0.705331 0.548051 0.021214 0.102417
0 0.946393 0.501116 0.020141 0.077509
0 0.386581 0.532185 0.025578 0.097796
0 0.491807 0.506454 0.019427 0.081741
0 0.517646 0.490000 0.014792 0.067463
0 0.013510 0.504866 0.020302 0.082065
0 0.031786 0.541213 0.025354 0.104056
0 0.205940 0.632565 0.052297 0.155148
0 0.452174 0.488741 0.023349 0.078296
0 0.242734 0.544861 0.035740 0.135056
0 0.010232 0.586537 0.020464 0.123167
0 0.767135 0.461829 0.018646 0.074065
