0 0.666747 0.512935 0.023464 0.112519
0 0.623510 0.590528 0.026906 0.140389
0 0.167161 0.522606 0.026312 0.128065
0 0.703742 0.453356 0.024443 0.085287
0 0.201456 0.516148 0.021766 0.116741
0 0.683549 0.453551 0.021880 0.080769
1 0.813706 0.476199 0.006557 0.010787
0 0.724789 0.412222 0.017818 0.079315
0 0.224922 0.531120 0.026031 0.115944
0 0.466289 0.499620 0.021734 0.106593
0 0.878372 0.665296 0.040734 0.165370
0 0.822302 0.443273 0.020979 0.077269
0 0.445906 0.473060 0.022927 0.101102
0 0.631297 0.468171 0.021594 0.087435
0 0.246318 0.571514 0.030604 0.132324
0 0.991539 0.501685 0.016891 0.106444
0 0.529865 0.476495 0.020448 0.096880
0 0.794289 0.485958 0.030172 0.093380
