0 0.914760 0.538417 0.031229 0.133111
1 0.251977 0.656060 0.012432 0.025528
0 0.652687 0.336139 0.011927 0.056444
0 0.970716 0.610389 0.029911 0.167463
0 0.237961 0.527176 0.024203 0.137241
0 0.876948 0.486676 0.025958 0.105074
0 0.644599 0.518833 0.033146 0.114315
0 0.921253 0.680787 0.050849 0.167389
0 0.451414 0.429398 0.017630 0.098315
0 0.217419 0.450894 0.031745 0.103861
0 0.408740 0.522338 0.022687 0.127472
0 0.498536 0.502213 0.023781 0.110685
0 0.266372 0.601389 0.043245 0.143167
0 0.933620 0.414755 0.019552 0.085991
0 0.594216 0.424727 0.018078 0.094435
0 0.081708 0.531315 0.040708 0.120037
0 0.186404 0.570532 0.032672 0.128287
0 0.346911 0.523181 0.022667 0.121565
0 0.987125 0.688727 0.025542 0.144583
