0 0.551312 0.554694 0.044177 0.143333
0 0.732549 0.477069 0.028724 0.117120
0 0.694180 0.538505 0.030870 0.136843
0 0.416576 0.440329 0.027245 0.082454
0 0.308273 0.528954 0.030214 0.129685
0 0.024273 0.473421 0.027568 0.103102
0 0.376448 0.439056 0.027208 0.101352
0 0.153510 0.433167 0.017615 0.099537
0 0.224995 0.452741 0.030823 0.093296
0 0.573396 0.461167 0.018802 0.095630
0 0.190497 0.464620 0.020724 0.108074
0 0.398562 0.417653 0.019187 0.074287
0 0.554883 0.451361 0.020526 0.103870
0 0.454865 0.446255 0.034052 0.075639
0 0.381990 0.369454 0.016021 0.066167
0 0.537750 0.445977 0.020885 0.084176
1 0.502263 0.431625 0.006828 0.011787
