0 0.822581 0.561653 0.035005 0.122528
0 0.497758 0.441190 0.022349 0.088583
0 0.527701 0.490125 0.021672 0.108102
0 0.295813 0.490880 0.024583 0.116889
0 0.761120 0.482083 0.025771 0.104389
0 0.686974 0.448870 0.022490 0.068037
0 0.719932 0.469259 0.020406 0.091407
0 0.993969 0.442468 0.012052 0.065065
1 0.781365 0.337338 0.009667 0.018102
0 0.734198 0.490213 0.027594 0.069852
0 0.684677 0.515616 0.031542 0.096009
0 0.629990 0.500380 0.028583 0.098111
0 0.447607 0.501449 0.019995 0.112509
0 0.333190 0.473019 0.019557 0.101852
0 0.799901 0.477796 0.031385 0.097796
0 0.171380 0.472537 0.018042 0.100870
0 0.842219 0.595292 0.033229 0.149380
0 0.543276 0.434764 0.020917 0.081250
0 0.287268 0.593435 0.030620 0.142093
0 0.541654 0.519194 0.023453 0.109963
