0 0.490953 0.500505 0.037250 0.148954
0 0.467583 0.340606 0.020688 0.055083
0 0.702677 0.376847 0.025677 0.045509
0 0.590669 0.471120 0.028484 0.138519
0 0.290318 0.379977 0.022094 0.091917
0 0.699698 0.525921 0.041875 0.163120
0 0.169828 0.408190 0.029302 0.130380
0 0.104307 0.565815 0.042115 0.187648
0 0.517258 0.367940 0.025568 0.075306
1 0.696047 0.180750 0.004500 0.009259
0 0.709383 0.424046 0.023693 0.085944
1 0.717984 0.181208 0.005313 0.008065
0 0.868404 0.523556 0.036839 0.155741
0 0.459555 0.420671 0.026995 0.113509
0 0.091555 0.442569 0.029318 0.133713
0 0.636656 0.393838 0.023042 0.104398
0 0.779279 0.456153 0.037203 0.123435
0 0.494091 0.413769 0.028339 0.075222
0 0.884253 0.474671 0.025495 0.131028
