1 0.376990 0.653301 0.011031 0.018065
0 0.264878 0.482468 0.024255 0.102417
0 0.090753 0.517356 0.019745 0.119102
0 0.438042 0.478458 0.022313 0.102769
0 0.675315 0.419227 0.018901 0.082917
0 0.463057 0.565148 0.027625 0.128056
0 0.721620 0.600139 0.024188 0.140667
0 0.601586 0.401435 0.016734 0.079296
0 0.192289 0.403884 0.015099 0.068583
0 0.378221 0.587412 0.024245 0.137417
0 0.549677 0.396120 0.015917 0.069315
0 0.933414 0.399681 0.018245 0.074417
0 0.629781 0.411519 0.016344 0.079685
0 0.419052 0.429477 0.016646 0.096102
0 0.757565 0.515940 0.019547 0.114602
0 0.755630 0.435935 0.018906 0.082222
0 0.548495 0.636250 0.036073 0.150167
0 0.003708 0.450884 0.007417 0.101250
