0 0.175992 0.411995 0.022599 0.093509
0 0.933260 0.541426 0.034125 0.161093
0 0.891591 0.396741 0.017609 0.081093
0 0.083310 0.567852 0.034693 0.153778
0 0.180841 0.734778 0.045047 0.189741
0 0.576477 0.569505 0.048359 0.127880
0 0.395109 0.683565 0.032760 0.183907
0 0.423586 0.516708 0.025130 0.120269
0 0.428615 0.707264 0.071104 0.180009
0 0.853115 0.401056 0.025656 0.090630
0 0.294805 0.404162 0.017036 0.082843
0 0.398247 0.504588 0.034828 0.126065
0 0.459305 0.333472 0.017380 0.061037
0 0.086305 0.445894 0.025609 0.103602
0 0.350687 0.687782 0.064667 0.190769
0 0.138482 0.641713 0.033266 0.172481
0 0.496971 0.764088 0.067349 0.217120
0 0.298818 0.668931 0.063844 0.188287
