0 0.229073 0.550403 0.026854 0.117861
0 0.677823 0.548449 0.016719 0.063880
0 0.617500 0.577435 0.017125 0.124981
0 0.403831 0.594546 0.026578 0.131167
0 0.754000 0.523968 0.023583 0.107565
0 0.019128 0.543398 0.026693 0.118389
0 0.128484 0.597398 0.024260 0.120852
0 0.223729 0.553704 0.031021 0.111630
0 0.434643 0.447009 0.024703 0.061204
1 0.168951 0.417185 0.010609 0.017870
0 0.957508 0.394269 0.014828 0.058204
1 0.044784 0.692412 0.010120 0.021491
0 0.680052 0.629778 0.032292 0.126519
0 0.606271 0.476102 0.020594 0.086426
0 0.853870 0.465565 0.017563 0.084593
0 0.206490 0.657352 0.028365 0.160648
0 0.309315 0.532319 0.038224 0.096565
0 0.279526 0.545176 0.026594 0.095407
0 0.058654 0.540347 0.032516 0.101898
0 0.601758 0.624806 0.019609 0.148315
0 0.428831 0.614028 0.028964 0.136963
