0 0.016253 0.442042 0.019630 0.112083
1 0.226487 0.424403 0.009953 0.016306
0 0.591284 0.377116 0.022380 0.052750
1 0.836529 0.404625 0.009682 0.015972
0 0.523977 0.391866 0.025286 0.110546
0 0.757359 0.388579 0.024937 0.111139
0 0.309232 0.407556 0.020828 0.108352
0 0.295385 0.544426 0.036052 0.153222
0 0.209531 0.430519 0.029063 0.113815
0 0.589115 0.437968 0.024490 0.114861
0 0.655206 0.396264 0.022464 0.107583
0 0.652589 0.589324 0.051938 0.193537
0 0.303026 0.457324 0.027292 0.066593
0 0.483174 0.400005 0.022276 0.108750
0 0.272711 0.401125 0.020255 0.099880
