0 0.349034 0.517083 0.036672 0.126944
0 0.783266 0.495736 0.026375 0.116991
0 0.234505 0.493481 0.034625 0.116611
0 0.113846 0.607676 0.050672 0.153167
0 0.671289 0.457991 0.022234 0.116444
0 0.352862 0.438694 0.018130 0.048241
0 0.153839 0.499468 0.030396 0.113935
0 0.115193 0.501963 0.029427 0.061148
0 0.491286 0.413620 0.019083 0.094796
0 0.257966 0.439375 0.017661 0.092769
0 0.063143 0.432514 0.021339 0.096620
0 0.495719 0.516375 0.023719 0.120324
0 0.629693 0.423861 0.022073 0.091000
0 0.472018 0.460963 0.029807 0.096759
0 0.146198 0.391764 0.023833 0.089250
0 0.370406 0.638194 0.058594 0.173315
0 0.770013 0.537162 0.023974 0.129231
0 0.838190 0.522319 0.023807 0.127750
