0 0.090625 0.470190 0.015677 0.063380
0 0.050107 0.586093 0.021672 0.109963
0 0.885185 0.607769 0.040984 0.109833
0 0.398727 0.713991 0.028047 0.138444
0 0.847904 0.553384 0.017505 0.087361
0 0.525852 0.527532 0.015505 0.075491
0 0.765424 0.521125 0.020005 0.075250
0 0.926107 0.486051 0.014411 0.066806
0 0.289182 0.546708 0.018990 0.089824
0 0.453380 0.454333 0.011938 0.059593
0 0.101089 0.589556 0.027604 0.094722
0 0.802341 0.472208 0.012828 0.059657
0 0.615846 0.688287 0.052328 0.122111
0 0.939349 0.628657 0.025823 0.112296
0 0.982828 0.848014 0.034344 0.188954
0 0.754565 0.453139 0.009943 0.049204
1 0.195862 0.683657 0.010016 0.017963
0 0.564909 0.423843 0.009682 0.045759
1 0.051354 0.836060 0.014437 0.024880
