0 0.256029 0.383727 0.022984 0.114361
0 0.151388 0.376167 0.017828 0.122315
0 0.589440 0.407102 0.022766 0.122130
0 0.661047 0.413542 0.027698 0.133583
0 0.407828 0.394894 0.024115 0.124657
0 0.458466 0.423222 0.025036 0.132481
0 0.390935 0.392556 0.015839 0.117019
0 0.519521 0.409019 0.034229 0.135944
0 0.564883 0.409690 0.025266 0.124454
0 0.641281 0.355389 0.022323 0.099444
0 0.917297 0.325273 0.017906 0.089306
0 0.119378 0.402380 0.019068 0.124556
0 0.432875 0.399769 0.028625 0.123537
1 0.690182 0.337611 0.005948 0.011352
0 0.196880 0.359699 0.019104 0.104194
0 0.681398 0.301741 0.020203 0.085407
0 0.472370 0.389431 0.019948 0.121139
0 0.375518 0.411977 0.023099 0.137824
0 0.287404 0.368171 0.021318 0.118157
0 0.495664 0.338597 0.024464 0.100139
