0 0.153247 0.494514 0.018682 0.097306
0 0.598333 0.423116 0.015667 0.075602
0 0.724815 0.693977 0.038328 0.167935
1 0.389711 0.588870 0.011422 0.019130
0 0.870760 0.560366 0.029656 0.115046
0 0.123823 0.679394 0.045302 0.165898
0 0.200622 0.497991 0.023172 0.100741
0 0.501406 0.390829 0.014875 0.068806
0 0.504641 0.469898 0.017125 0.088000
0 0.292729 0.657296 0.057594 0.163926
0 0.378620 0.436773 0.016063 0.081769
0 0.947919 0.563940 0.030797 0.121361
0 0.828617 0.520741 0.023411 0.112870
0 0.840193 0.657806 0.028896 0.142037
0 0.425833 0.445167 0.018917 0.085648
0 0.237266 0.414074 0.015542 0.077444
0 0.496932 0.504296 0.023990 0.101796
0 0.206813 0.395792 0.014750 0.068657
0 0.576779 0.494287 0.031932 0.097222
