0 0.191854 0.434111 0.018927 0.089444
0 0.775846 0.671486 0.034755 0.175676
0 0.611133 0.609477 0.032474 0.162306
0 0.183036 0.568907 0.031271 0.142722
0 0.041664 0.461000 0.021630 0.099593
0 0.624469 0.431657 0.023490 0.100704
0 0.735831 0.482718 0.033068 0.095250
0 0.243602 0.447694 0.025505 0.094870
0 0.808354 0.494736 0.026448 0.104935
0 0.321797 0.417579 0.018219 0.085972
0 0.771203 0.479565 0.037156 0.089481
0 0.420943 0.412333 0.025167 0.076815
0 0.594786 0.458458 0.019656 0.084824
0 0.578177 0.456861 0.021750 0.084611
0 0.284656 0.402880 0.019146 0.087315
0 0.348102 0.404954 0.015141 0.080093
0 0.028612 0.959884 0.054922 0.080231
0 0.173966 0.401208 0.021755 0.073435
1 0.620198 0.359231 0.008906 0.015111
