0 0.340172 0.524875 0.039563 0.132787
0 0.452367 0.574847 0.026651 0.153602
0 0.262271 0.397833 0.022000 0.086222
0 0.576651 0.414736 0.021427 0.101046
0 0.376461 0.443333 0.022016 0.105907
0 0.741052 0.450472 0.030771 0.114741
0 0.626135 0.425870 0.021604 0.102944
0 0.647026 0.518347 0.026927 0.120361
0 0.552305 0.419671 0.019557 0.104898
0 0.966172 0.395444 0.024354 0.094926
0 0.693635 0.434912 0.022125 0.108824
0 0.879622 0.501921 0.022547 0.131102
0 0.476786 0.445704 0.021823 0.111519
1 0.632135 0.194903 0.011510 0.019491
0 0.526115 0.567296 0.032573 0.158815
0 0.759057 0.516273 0.028583 0.129398
0 0.707620 0.511065 0.028042 0.108741
0 0.448484 0.396861 0.019406 0.090444
0 0.460417 0.428171 0.018229 0.098269
