0 0.446997 0.387542 0.018974 0.115120
1 0.287372 0.082588 0.008714 0.016046
0 0.760362 0.374884 0.021161 0.206491
0 0.732112 0.424421 0.020734 0.131065
0 0.193555 0.317898 0.026651 0.087333
0 0.760151 0.406870 0.020240 0.136556
0 0.405922 0.443375 0.029500 0.142676
0 0.651104 0.315500 0.017490 0.082852
0 0.985016 0.405199 0.019146 0.111954
0 0.918240 0.439269 0.027698 0.138148
0 0.646586 0.494190 0.035339 0.163454
0 0.429240 0.405218 0.020250 0.130806
0 0.869052 0.389792 0.020490 0.116806
0 0.669352 0.472949 0.022224 0.154861
0 0.854328 0.461236 0.034010 0.150843
0 0.779854 0.498685 0.036760 0.164926
0 0.381716 0.321815 0.020641 0.091907
0 0.973734 0.477606 0.034292 0.165972
0 0.504682 0.430903 0.025990 0.132306
0 0.795464 0.395250 0.021240 0.101741
