0 0.626245 0.469722 0.020927 0.083815
0 0.355638 0.554245 0.027703 0.116065
0 0.276729 0.513236 0.021229 0.098676
0 0.482245 0.553681 0.024333 0.113398
0 0.172573 0.540833 0.024823 0.105963
0 0.675854 0.770644 0.041354 0.190491
0 0.953690 0.544602 0.022557 0.105815
0 0.328479 0.669995 0.032917 0.163417
0 0.549617 0.501889 0.024589 0.088296
0 0.407091 0.485245 0.024276 0.092824
0 0.724091 0.595495 0.025849 0.136657
0 0.039669 0.489708 0.024255 0.090176
0 0.096432 0.480528 0.021250 0.083111
0 0.191750 0.518505 0.021448 0.092324
0 0.555734 0.495634 0.012323 0.073509
0 0.545802 0.501389 0.017198 0.088722
