0 0.783404 0.473644 0.026078 0.135102
0 0.504784 0.379944 0.023422 0.107667
0 0.535836 0.368556 0.026297 0.102944
0 0.629318 0.400028 0.024010 0.111093
0 0.343776 0.371815 0.028646 0.098796
0 0.409865 0.472231 0.043604 0.130130
0 0.036935 0.361514 0.022891 0.110157
0 0.921263 0.365509 0.021922 0.091926
0 0.316341 0.315856 0.016109 0.079694
0 0.450477 0.488394 0.033380 0.117843
0 0.019307 0.321384 0.017740 0.083065
0 0.399049 0.339347 0.022505 0.074602
0 0.769469 0.438755 0.018771 0.110213
0 0.453940 0.410648 0.033589 0.095648
0 0.395138 0.414250 0.036266 0.102389
1 0.871596 0.349926 0.007224 0.014259
1 0.599555 0.179259 0.006391 0.010370
1 0.580318 0.179301 0.005240 0.009269
