0 0.333044 0.597079 0.024776 0.110898
1 0.779224 0.707134 0.010490 0.016731
0 0.544148 0.904292 0.043464 0.170972
0 0.168336 0.637856 0.033130 0.115287
0 0.297273 0.746014 0.023828 0.140806
0 0.518208 0.620194 0.025594 0.120130
0 0.581536 0.603787 0.028437 0.123778
0 0.484255 0.675565 0.020979 0.137833
0 0.101695 0.944949 0.024964 0.107676
0 0.638398 0.627593 0.021120 0.114593
0 0.766549 0.661653 0.037411 0.113287
0 0.621326 0.634514 0.025047 0.118676
0 0.732552 0.681069 0.029792 0.125194
0 0.548281 0.665088 0.031146 0.128509
0 0.104440 0.757764 0.028599 0.129546
0 0.298471 0.634981 0.028391 0.116741
0 0.061836 0.704361 0.029307 0.128426
0 0.243049 0.654806 0.027193 0.121611
0 0.107651 0.667630 0.029083 0.113185
