0 0.198198 0.527898 0.040510 0.106204
0 0.269417 0.309343 0.038406 0.091296
0 0.892677 0.139171 0.020427 0.069824
0 0.579398 0.228671 0.025474 0.079769
0 0.753979 0.215875 0.019479 0.082806
0 0.676026 0.186824 0.015792 0.074111
0 0.162289 0.437329 0.034391 0.114231
0 0.609115 0.366194 0.031479 0.099056
1 0.593523 0.371472 0.008797 0.015815
0 0.630693 0.325264 0.022760 0.082917
0 0.478841 0.053588 0.014891 0.053917
0 0.812292 0.287847 0.026104 0.095491
0 0.802177 0.257069 0.022417 0.087435
0 0.691964 0.388458 0.035875 0.074472
