0 0.206617 0.299926 0.021068 0.082241
0 0.269227 0.357963 0.023724 0.106500
0 0.457289 0.373759 0.029161 0.104981
0 0.152115 0.346324 0.020198 0.105481
0 0.626797 0.576370 0.028385 0.143778
0 0.550354 0.375778 0.020281 0.107352
0 0.224880 0.219023 0.015417 0.078602
0 0.717823 0.269787 0.019000 0.087315
0 0.278083 0.220722 0.016313 0.071352
0 0.502383 0.221204 0.013620 0.070741
0 0.113531 0.200204 0.018094 0.071500
0 0.661458 0.227213 0.021885 0.074593
0 0.492057 0.236111 0.015865 0.069796
0 0.139206 0.290426 0.030714 0.070074
1 0.739018 0.269620 0.007453 0.012019
