0 0.336096 0.234935 0.023214 0.089352
0 0.469646 0.368801 0.033927 0.136861
0 0.158552 0.175704 0.017667 0.104981
0 0.243654 0.210000 0.020609 0.096870
0 0.325529 0.292227 0.023349 0.110694
0 0.526341 0.672102 0.050620 0.184648
0 0.169484 0.189278 0.020479 0.103444
0 0.310245 0.208486 0.023479 0.102324
0 0.224526 0.188356 0.021219 0.103306
0 0.451302 0.252185 0.024656 0.108278
0 0.067013 0.394574 0.025922 0.130852
0 0.788292 0.751380 0.040740 0.217185
0 0.832130 0.367731 0.026396 0.131722
0 0.540198 0.135282 0.027521 0.097861
0 0.102969 0.323407 0.027427 0.124889
1 0.559565 0.699972 0.014911 0.023370
0 0.480768 0.342870 0.017214 0.121333
0 0.701099 0.549880 0.039427 0.156352
