0 0.127276 0.600810 0.020365 0.117750
0 0.657352 0.584611 0.027036 0.109111
0 0.422742 0.361486 0.013661 0.063750
0 0.295253 0.328282 0.013922 0.056435
0 0.594760 0.346731 0.014552 0.065000
0 0.608992 0.494236 0.016578 0.091509
0 0.255188 0.457366 0.019187 0.089028
0 0.668307 0.664991 0.026719 0.118074
0 0.685146 0.431403 0.016687 0.084046
0 0.915281 0.347694 0.018052 0.067611
0 0.234221 0.308472 0.015370 0.053574
0 0.420336 0.306486 0.010161 0.051769
1 0.807867 0.690722 0.011766 0.020407
0 0.116078 0.438486 0.023500 0.078361
0 0.017591 0.357542 0.016193 0.068657
0 0.495138 0.574458 0.020682 0.105139
0 0.790521 0.584838 0.028042 0.122194