0 0.687232 0.332662 0.018484 0.074157
0 0.195784 0.405981 0.028182 0.074944
0 0.321008 0.576005 0.031161 0.127102
0 0.415372 0.317926 0.021193 0.064296
0 0.273734 0.704481 0.050406 0.135630
0 0.233096 0.363454 0.028870 0.067130
0 0.310406 0.409079 0.021417 0.079750
0 0.060539 0.462806 0.022276 0.089019
0 0.355617 0.361079 0.016297 0.074694
0 0.929133 0.252097 0.014109 0.050120
0 0.402562 0.532227 0.043490 0.094009
0 0.773005 0.382741 0.017625 0.069593
0 0.564370 0.261991 0.012385 0.053259
0 0.155341 0.348718 0.022901 0.074139
0 0.373815 0.253806 0.013880 0.053537
0 0.602898 0.282972 0.014005 0.060426
0 0.541057 0.370829 0.019521 0.074731
0 0.293484 0.268681 0.016573 0.055583
0 0.034763 0.245532 0.014620 0.053806
0 0.412865 0.218417 0.009219 0.041352
0 0.589299 0.199574 0.011203 0.039130
1 0.236695 0.744347 0.011984 0.017546