0 0.852227 0.544435 0.016297 0.093407
0 0.464482 0.655181 0.021526 0.115713
0 0.551951 0.612745 0.020495 0.117954
0 0.508138 0.596718 0.025401 0.111250
0 0.972513 0.506157 0.018995 0.082667
0 0.777844 0.579648 0.018781 0.102352
0 0.860875 0.406236 0.014146 0.064435
0 0.843180 0.391093 0.015568 0.063759
0 0.352828 0.481338 0.017583 0.086991
0 0.433250 0.466935 0.014656 0.077778
0 0.458563 0.486907 0.017458 0.092019
0 0.336286 0.533218 0.021052 0.095824
0 0.530443 0.545468 0.018635 0.092750
0 0.338445 0.468060 0.016078 0.064620
0 0.417096 0.515130 0.014089 0.090630
0 0.545914 0.546532 0.018036 0.049083
0 0.536435 0.604000 0.017036 0.113907
0 0.403943 0.515606 0.015312 0.094380
0 0.406245 0.511074 0.018260 0.098537
0 0.411685 0.466426 0.014682 0.028111
