0 0.832281 0.434222 0.021677 0.103074
0 0.328701 0.712514 0.033786 0.152509
0 0.279268 0.426653 0.019891 0.098250
0 0.306859 0.433755 0.017302 0.070250
0 0.480318 0.431384 0.025448 0.085546
0 0.591005 0.545551 0.024000 0.117009
0 0.501737 0.434375 0.019349 0.062528
1 0.494643 0.463444 0.005255 0.011019
0 0.158469 0.524977 0.027542 0.108102
0 0.503216 0.504542 0.028057 0.110417
0 0.962036 0.474139 0.018604 0.118370
0 0.579724 0.463204 0.024031 0.089593
0 0.306292 0.505056 0.026469 0.107352
0 0.009687 0.458727 0.018240 0.100472
