0 0.662591 0.602116 0.037339 0.175898
0 0.664638 0.312083 0.030724 0.117648
0 0.705419 0.262222 0.021755 0.106426
0 0.375193 0.507861 0.040125 0.159815
0 0.697885 0.375801 0.036292 0.125657
0 0.317336 0.453421 0.033724 0.140657
0 0.277753 0.337616 0.031078 0.178546
0 0.967602 0.492764 0.029266 0.155213
0 0.318497 0.211537 0.022245 0.099167
0 0.023685 0.198148 0.026880 0.107148
0 0.290529 0.240245 0.026911 0.097824
0 0.004169 0.299472 0.008339 0.116722
1 0.982089 0.351250 0.010490 0.018037
1 0.606406 0.243935 0.010740 0.015370
