0 0.062167 0.622546 0.023458 0.102407
0 0.644224 0.391602 0.013615 0.065296
0 0.105159 0.480653 0.015714 0.070731
0 0.342471 0.427903 0.010953 0.062213
0 0.255380 0.417546 0.015969 0.073259
0 0.354492 0.441699 0.014328 0.069694
0 0.230182 0.428352 0.017812 0.063037
0 0.375656 0.472412 0.016292 0.083657
0 0.070156 0.488727 0.018583 0.078750
0 0.547336 0.503046 0.016224 0.080981
0 0.605677 0.429315 0.016073 0.070778
0 0.815570 0.485704 0.014391 0.090019
0 0.749320 0.443917 0.013901 0.074667
0 0.791823 0.438861 0.018542 0.074981
0 0.317734 0.452014 0.015635 0.069713
0 0.432406 0.497509 0.015958 0.081463
0 0.096461 0.537477 0.019745 0.091306
0 0.505560 0.482449 0.018703 0.079454
0 0.122573 0.605944 0.022573 0.098907
0 0.630885 0.421954 0.018479 0.070278
0 0.604979 0.564458 0.019469 0.097046
