0 0.473328 0.504875 0.021604 0.100917
0 0.579484 0.554329 0.025219 0.118380
0 0.498906 0.564694 0.020948 0.111130
0 0.610594 0.564912 0.019667 0.054750
0 0.455354 0.481704 0.017417 0.097685
0 0.128966 0.463898 0.020286 0.093444
0 0.287133 0.443694 0.016839 0.086926
0 0.385638 0.940528 0.033578 0.118944
0 0.053581 0.477574 0.024839 0.095352
0 0.355130 0.468889 0.017396 0.091907
0 0.385310 0.493954 0.020620 0.101722
0 0.313604 0.630856 0.022312 0.126065
0 0.548312 0.547125 0.025573 0.114194
0 0.650638 0.461426 0.018714 0.096611
0 0.669060 0.628264 0.019453 0.128398
0 0.101208 0.589736 0.028104 0.121546
0 0.613781 0.631843 0.025302 0.124333