0 0.289062 0.405509 0.020052 0.094037
0 0.190234 0.341491 0.018854 0.091130
1 0.344870 0.415148 0.008698 0.015537
0 0.595693 0.384093 0.022052 0.091074
0 0.415654 0.419060 0.021245 0.089731
0 0.258539 0.375444 0.027693 0.098333
0 0.572703 0.406181 0.022000 0.098491
0 0.376138 0.399394 0.024474 0.108843
0 0.265089 0.721394 0.035458 0.158954
0 0.737786 0.408060 0.027260 0.106639
0 0.301130 0.470514 0.033417 0.117009
0 0.427297 0.517755 0.022281 0.122843
0 0.681969 0.477412 0.027042 0.116972
0 0.128594 0.607444 0.032833 0.158204
0 0.556268 0.485991 0.031536 0.127074
0 0.722268 0.816449 0.052672 0.184917
