0 0.937987 0.351620 0.017099 0.078537
0 0.643906 0.394532 0.016573 0.065028
0 0.814177 0.382532 0.018854 0.082046
0 0.810823 0.298282 0.019833 0.054157
0 0.353404 0.398653 0.023786 0.100102
1 0.251005 0.358852 0.008219 0.014259
1 0.514003 0.416560 0.004182 0.012065
0 0.213401 0.442759 0.022479 0.098722
0 0.507698 0.401412 0.016719 0.072787
0 0.645755 0.463421 0.025333 0.105602
0 0.483266 0.720671 0.035844 0.153602
0 0.702328 0.368995 0.016740 0.087898
0 0.598747 0.503500 0.022057 0.115556
0 0.206260 0.373468 0.022615 0.069509
0 0.485044 0.393491 0.020214 0.086389
0 0.441383 0.409102 0.020620 0.096500
0 0.855273 0.476792 0.028932 0.106528
0 0.849297 0.353685 0.025531 0.069648
