0 0.121424 0.376509 0.020901 0.085796
0 0.900302 0.336171 0.012385 0.063546
0 0.119401 0.462759 0.019667 0.100648
0 0.645299 0.462569 0.020453 0.094787
0 0.264081 0.841060 0.048672 0.151176
0 0.317052 0.388218 0.026000 0.066157
0 0.301966 0.273491 0.015839 0.054333
1 0.237312 0.391903 0.009656 0.016046
0 0.354555 0.452449 0.019734 0.087194
0 0.560036 0.624356 0.027271 0.117065
0 0.621799 0.604667 0.030005 0.101481
0 0.184146 0.647884 0.023521 0.126991
0 0.491711 0.328153 0.016005 0.061509
0 0.946805 0.391685 0.016339 0.072630
