0 0.220568 0.274065 0.008562 0.047944
0 0.073133 0.372667 0.012370 0.071889
0 0.357542 0.359870 0.013240 0.061685
0 0.713914 0.258676 0.009620 0.048426
0 0.391810 0.258236 0.010766 0.044380
0 0.081552 0.375579 0.015917 0.072824
0 0.641937 0.262620 0.009250 0.043556
0 0.207026 0.369468 0.013375 0.065509
0 0.239302 0.346519 0.011208 0.058037
0 0.487331 0.300889 0.010547 0.054019
0 0.272240 0.429269 0.014344 0.073889
0 0.176836 0.381843 0.015401 0.067963
0 0.638878 0.337796 0.012078 0.062704
0 0.672523 0.318472 0.011297 0.059870
0 0.406612 0.314139 0.011380 0.036778
0 0.583854 0.334472 0.013833 0.063870
0 0.852417 0.336343 0.013594 0.063759
