0 0.936346 0.525333 0.019224 0.091704
0 0.735516 0.429843 0.014333 0.059741
0 0.690857 0.381204 0.012151 0.049556
0 0.867820 0.509343 0.016693 0.083481
0 0.163544 0.593065 0.019266 0.102167
0 0.230763 0.497389 0.015932 0.082037
0 0.679273 0.467264 0.020026 0.073880
0 0.843747 0.440227 0.017776 0.064787
0 0.283505 0.517259 0.023417 0.076944
0 0.474836 0.499657 0.019953 0.069519
0 0.622875 0.550722 0.018646 0.085907
0 0.576370 0.636852 0.035406 0.101852
0 0.357086 0.311292 0.010984 0.030009
1 0.504917 0.334981 0.006417 0.010778
0 0.444055 0.495444 0.020943 0.062704
0 0.735198 0.522806 0.021510 0.074444
0 0.514026 0.416495 0.013042 0.058361
0 0.566089 0.527218 0.023021 0.085824
0 0.585206 0.438856 0.011901 0.061009
0 0.713109 0.550194 0.028448 0.043722
0 0.339638 0.404546 0.013536 0.051611
0 0.326719 0.459431 0.019917 0.059528
0 0.415862 0.416431 0.014005 0.061324