0 0.489026 0.371319 0.022052 0.093083
0 0.546953 0.338940 0.030083 0.071102
0 0.546044 0.262259 0.018391 0.061685
0 0.889979 0.335653 0.018031 0.075194
0 0.494021 0.262824 0.013229 0.067000
0 0.504117 0.271130 0.015182 0.065574
0 0.114513 0.344764 0.024495 0.094231
1 0.654547 0.319042 0.010042 0.014546
0 0.456854 0.403708 0.030156 0.109213
0 0.304404 0.646380 0.029839 0.148741
0 0.359857 0.413843 0.021474 0.105315
0 0.355008 0.638833 0.030818 0.144704
0 0.608320 0.390032 0.027068 0.101009
0 0.978763 0.465593 0.022974 0.104315
0 0.284711 0.352806 0.018786 0.094833
0 0.900581 0.407278 0.019578 0.084241
0 0.121229 0.431097 0.023219 0.116861
