0 0.499159 0.494528 0.011255 0.064593
0 0.525602 0.543537 0.018036 0.071296
0 0.251266 0.515120 0.013146 0.065204
0 0.561602 0.498153 0.015172 0.061731
0 0.609135 0.483560 0.014010 0.058657
0 0.055964 0.660741 0.016479 0.080463
0 0.355435 0.517301 0.010797 0.060620
0 0.382365 0.561657 0.011865 0.071037
0 0.795190 0.544917 0.012661 0.067037
0 0.454813 0.498491 0.011313 0.065315
0 0.477852 0.489079 0.011443 0.057935
0 0.525044 0.481644 0.014068 0.061713
0 0.335492 0.494273 0.011641 0.060787
0 0.044122 0.644296 0.013120 0.078407
0 0.370125 0.507042 0.011323 0.063491
0 0.316034 0.508856 0.015245 0.062398
0 0.383208 0.506755 0.012781 0.062694
0 0.299797 0.558361 0.014604 0.068593
0 0.307872 0.526065 0.012880 0.061074
0 0.376367 0.489773 0.009818 0.045694
