0 0.899630 0.377287 0.018365 0.084593
1 0.404141 0.796333 0.012729 0.023074
0 0.882703 0.503213 0.023146 0.119741
0 0.263396 0.365241 0.016542 0.080481
0 0.255401 0.461903 0.018542 0.107935
0 0.571661 0.281648 0.013021 0.064852
0 0.220862 0.333944 0.019411 0.071574
0 0.809906 0.508449 0.025708 0.117639
0 0.539938 0.306176 0.014354 0.069481
0 0.705708 0.291403 0.019073 0.065565
0 0.401010 0.625875 0.032833 0.146269
0 0.381367 0.485329 0.024766 0.103343
0 0.553375 0.347676 0.014344 0.075093
0 0.461159 0.309782 0.016339 0.072398
0 0.388898 0.784833 0.038151 0.150259
0 0.509906 0.391231 0.019042 0.092111
0 0.338112 0.272449 0.013828 0.061639
0 0.358612 0.393315 0.020266 0.095093
0 0.384164 0.415630 0.018391 0.065815
0 0.358003 0.339935 0.020516 0.046407