0 0.323698 0.452213 0.023958 0.090907
0 0.230083 0.439431 0.013604 0.037065
0 0.223062 0.392810 0.011854 0.054620
0 0.318609 0.407611 0.013115 0.054500
0 0.730307 0.330407 0.018417 0.063407
1 0.685266 0.391843 0.007375 0.012241
0 0.516789 0.630463 0.035453 0.133722
0 0.226008 0.496417 0.021599 0.095241
0 0.499331 0.426051 0.019422 0.083935
0 0.385651 0.494176 0.021083 0.107981
0 0.418648 0.500287 0.037255 0.107852
0 0.292042 0.527514 0.022635 0.106250
0 0.591943 0.495653 0.027354 0.106491
0 0.571966 0.376727 0.020464 0.070843
0 0.278719 0.431120 0.020917 0.096444
0 0.717013 0.487037 0.034005 0.102370
0 0.247982 0.541403 0.037849 0.115454
0 0.338854 0.451120 0.016177 0.096241
0 0.745628 0.456773 0.022932 0.091380
0 0.202370 0.474222 0.025479 0.088426
0 0.357359 0.585366 0.034792 0.120620