0 0.922388 0.322611 0.029786 0.072426
0 0.620401 0.315880 0.021313 0.070278
0 0.166549 0.370250 0.021672 0.077944
0 0.048839 0.402463 0.022052 0.081537
0 0.535474 0.701574 0.031375 0.126296
0 0.704276 0.501657 0.024792 0.090889
0 0.126456 0.324287 0.021266 0.063778
0 0.029206 0.674954 0.035953 0.128833
0 0.879776 0.442551 0.031323 0.078120
0 0.488534 0.413296 0.022505 0.080000
0 0.787799 0.471583 0.028578 0.086870
0 0.098721 0.454319 0.022943 0.103676
0 0.330956 0.581537 0.031734 0.098463
0 0.435940 0.404000 0.024276 0.071333
0 0.364375 0.238264 0.023052 0.046157
0 0.152344 0.222259 0.016979 0.051963
0 0.420133 0.441866 0.020922 0.092287