0 0.621776 0.535454 0.042958 0.178315
0 0.821117 0.495287 0.061359 0.039926
0 0.725849 0.417477 0.043437 0.125435
1 0.269948 0.470083 0.011052 0.020278
0 0.144372 0.753042 0.036609 0.172435
0 0.556750 0.669338 0.045656 0.140935
0 0.491273 0.472394 0.049880 0.137343
0 0.370518 0.550069 0.038391 0.138583
0 0.959362 0.254542 0.032266 0.086824
0 0.856117 0.505435 0.035786 0.130278
0 0.681812 0.419773 0.029708 0.118731
0 0.119245 0.450227 0.036552 0.090880
0 0.794672 0.448755 0.032302 0.128861
0 0.774792 0.395852 0.030510 0.116500
0 0.641612 0.499028 0.033745 0.120278
0 0.699427 0.415185 0.026771 0.131074