0 0.806878 0.473111 0.011766 0.051167
0 0.454763 0.468046 0.014849 0.050389
0 0.400656 0.804273 0.020448 0.091028
0 0.173815 0.804523 0.019193 0.081157
0 0.357352 0.546699 0.014620 0.063917
0 0.863953 0.775236 0.015625 0.096250
0 0.658549 0.536093 0.013578 0.054444
0 0.206737 0.462079 0.011130 0.048176
0 0.570547 0.590606 0.016406 0.058009
0 0.818609 0.560472 0.012208 0.064074
0 0.652984 0.455458 0.010365 0.050898
0 0.714372 0.507560 0.012464 0.054769
0 0.799648 0.584509 0.015797 0.064611
0 0.691721 0.450935 0.009984 0.047593
0 0.528411 0.399722 0.009635 0.038019
0 0.815589 0.492134 0.011146 0.054157
1 0.219326 0.770176 0.009036 0.016056
0 0.435570 0.688995 0.022745 0.080083
0 0.381023 0.670495 0.025536 0.079694
0 0.739055 0.842009 0.018891 0.102741
0 0.912609 0.600542 0.018490 0.075213
