0 0.673867 0.749824 0.012964 0.072704
0 0.412615 0.756028 0.021812 0.074481
0 0.756953 0.628769 0.012813 0.062093
0 0.157479 0.556551 0.015573 0.047398
0 0.540589 0.586356 0.013667 0.045565
0 0.154771 0.619690 0.012208 0.057509
0 0.738448 0.542551 0.009510 0.047861
0 0.198859 0.509972 0.010260 0.038074
0 0.445089 0.518009 0.010844 0.039815
0 0.510023 0.547273 0.009380 0.048231
1 0.472104 0.485542 0.005510 0.010176
0 0.383896 0.545079 0.008958 0.040583
0 0.461151 0.637917 0.011552 0.053519
0 0.457146 0.498958 0.008427 0.037602
0 0.348398 0.596681 0.011630 0.049083
0 0.339156 0.579884 0.011115 0.047028
0 0.295099 0.483458 0.011698 0.034565
0 0.233870 0.479537 0.010156 0.037630
0 0.599615 0.575801 0.011542 0.050898
0 0.353003 0.553407 0.010703 0.045019
0 0.607294 0.573301 0.012068 0.048676
0 0.368758 0.775134 0.020380 0.078306
0 0.077052 0.746778 0.016354 0.069130
