0 0.740622 0.672333 0.023911 0.066852
0 0.446862 0.603583 0.012203 0.065519
0 0.299214 0.348116 0.010896 0.035120
0 0.325576 0.404148 0.012932 0.042185
0 0.683531 0.411032 0.010396 0.042213
0 0.399370 0.389194 0.006896 0.035074
1 0.654685 0.731898 0.008161 0.012222
0 0.521003 0.473005 0.011224 0.048009
0 0.608104 0.390356 0.009698 0.038454
0 0.204359 0.466144 0.009177 0.051528
0 0.673354 0.632833 0.012292 0.061259
0 0.679044 0.717509 0.018526 0.078796
0 0.727589 0.468551 0.013010 0.047102
0 0.570307 0.611102 0.017854 0.061704
0 0.464932 0.591690 0.015146 0.068324
0 0.259474 0.572366 0.013458 0.056565
0 0.195044 0.550620 0.012911 0.062000
0 0.624625 0.532134 0.012521 0.057565
0 0.772870 0.508269 0.015562 0.055204
0 0.189409 0.469185 0.012911 0.052185
0 0.077836 0.665398 0.019078 0.072333
0 0.336628 0.558574 0.018453 0.061111
0 0.632411 0.630736 0.020167 0.064676
