0 0.337169 0.401685 0.016505 0.082704
0 0.178625 0.389421 0.015750 0.073769
0 0.525953 0.331310 0.020833 0.063528
0 0.683930 0.346648 0.019609 0.066130
1 0.674576 0.372722 0.007984 0.014019
0 0.843070 0.442958 0.016526 0.028787
0 0.352995 0.411718 0.018063 0.085639
0 0.181487 0.565681 0.025599 0.108306
0 0.663974 0.582269 0.031365 0.109722
0 0.618810 0.360426 0.020318 0.066981
0 0.685721 0.550056 0.020880 0.115926
0 0.939333 0.529991 0.022375 0.119093
0 0.800688 0.428009 0.020375 0.099593
0 0.018414 0.653269 0.023432 0.116889
0 0.319745 0.471759 0.021073 0.095111
0 0.668638 0.461903 0.022911 0.095861
0 0.844781 0.492949 0.022844 0.112213
0 0.864755 0.567194 0.022854 0.110167
0 0.585352 0.335829 0.033339 0.071583
