0 0.226784 0.347889 0.023911 0.086889
0 0.610359 0.334468 0.023573 0.116194
0 0.692578 0.534421 0.030750 0.117991
0 0.645969 0.521403 0.031510 0.110120
0 0.832469 0.488236 0.029677 0.108898
0 0.113318 0.553306 0.033490 0.119741
0 0.362870 0.262514 0.027490 0.073935
0 0.438872 0.300991 0.022078 0.069667
0 0.409409 0.954083 0.032703 0.089426
0 0.995695 0.319602 0.008609 0.067426
0 0.283276 0.641542 0.032406 0.137250
0 0.917430 0.347917 0.022870 0.090407
0 0.435979 0.380245 0.030771 0.071898
0 0.244154 0.362218 0.029286 0.083120