0 0.641693 0.459144 0.010625 0.057454
0 0.916073 0.569866 0.018365 0.083657
0 0.826227 0.447569 0.012714 0.059898
0 0.135661 0.597056 0.019615 0.074611
0 0.640776 0.368644 0.009719 0.055491
0 0.681503 0.375685 0.011193 0.051759
0 0.601797 0.462241 0.014844 0.061093
0 0.260036 0.347681 0.013646 0.047380
0 0.270797 0.414847 0.013719 0.061657
0 0.280938 0.419759 0.013740 0.052833
0 0.745456 0.414551 0.013339 0.061176
0 0.696526 0.525222 0.019000 0.071000
0 0.061430 0.537106 0.036974 0.064213
0 0.158875 0.439991 0.020698 0.062259
0 0.376422 0.436986 0.015448 0.058620
0 0.662018 0.410269 0.017776 0.062759
0 0.538841 0.446134 0.013089 0.064620
0 0.837878 0.522171 0.017776 0.078713
0 0.642620 0.845912 0.023365 0.094843
0 0.903547 0.630292 0.018854 0.091935
0 0.654685 0.702380 0.032047 0.098981
1 0.029406 0.489398 0.006260 0.011185
