1 0.106313 0.682736 0.009667 0.016639
0 0.758294 0.442986 0.017599 0.070806
0 0.728786 0.453671 0.012354 0.070880
0 0.701633 0.462611 0.014714 0.073926
0 0.691602 0.466019 0.020266 0.077759
0 0.716430 0.447898 0.012161 0.065704
0 0.677695 0.471815 0.013391 0.065778
0 0.678146 0.428537 0.014500 0.039815
0 0.651076 0.466051 0.016786 0.069676
0 0.196604 0.671264 0.017760 0.095213
0 0.355107 0.616106 0.013839 0.084787
0 0.044370 0.639782 0.019625 0.076602
0 0.888784 0.534801 0.019495 0.090231
0 0.643508 0.486949 0.014901 0.074620
0 0.816865 0.471532 0.035958 0.063528
0 0.806581 0.470454 0.016443 0.060593
