0 0.126674 0.325731 0.015651 0.065167
0 0.497911 0.434032 0.027698 0.085898
0 0.717859 0.659514 0.023604 0.109583
0 0.476789 0.753269 0.039578 0.086185
0 0.029128 0.471542 0.021661 0.090028
0 0.402922 0.508468 0.024260 0.084898
0 0.343940 0.848384 0.024953 0.135009
0 0.211523 0.837468 0.034891 0.138806
0 0.323552 0.587144 0.017302 0.097657
0 0.241596 0.188417 0.012203 0.048796
1 0.705758 0.883838 0.011297 0.018694
0 0.769760 0.796486 0.050615 0.127787
0 0.731492 0.834495 0.039984 0.117676
0 0.659971 0.306458 0.013474 0.061880
0 0.360424 0.430856 0.016068 0.084231
0 0.250766 0.289940 0.012969 0.062065
0 0.613042 0.612875 0.025156 0.105861
0 0.562406 0.349449 0.014771 0.072102
0 0.931664 0.417704 0.018214 0.085352
