0 0.258281 0.715231 0.008906 0.048407
0 0.767005 0.743199 0.013510 0.059287
0 0.330036 0.603898 0.006750 0.036259
0 0.525862 0.728449 0.010974 0.051250
0 0.424615 0.612000 0.009094 0.033556
0 0.298776 0.641880 0.007510 0.043500
0 0.522383 0.658898 0.010161 0.045019
0 0.741505 0.592958 0.009260 0.038528
0 0.515849 0.754593 0.009719 0.056759
0 0.437263 0.649009 0.008568 0.043333
0 0.652792 0.607634 0.008260 0.040639
0 0.373099 0.572380 0.005990 0.028333
0 0.664823 0.547250 0.006854 0.029056
0 0.637943 0.677644 0.009979 0.048880
0 0.816456 0.662366 0.014807 0.041972
0 0.518133 0.618000 0.007172 0.039204
0 0.522073 0.562005 0.007344 0.030769
0 0.619469 0.644213 0.011656 0.030889
0 0.296036 0.535620 0.007083 0.025611
0 0.530599 0.581574 0.004740 0.033741
0 0.525617 0.583755 0.006651 0.034250
0 0.531997 0.555042 0.007047 0.028269
1 0.525992 0.632301 0.003599 0.007139
