0 0.857677 0.445852 0.026510 0.133907
0 0.604302 0.233940 0.033396 0.109620
0 0.479698 0.330954 0.034104 0.113630
0 0.834568 0.253037 0.030927 0.105796
0 0.539146 0.398435 0.029427 0.134444
0 0.883680 0.329773 0.029693 0.114157
0 0.698773 0.634259 0.032547 0.172963
0 0.738594 0.250088 0.023312 0.107065
0 0.737789 0.142727 0.019255 0.097417
0 0.172664 0.457370 0.029276 0.144519
0 0.084885 0.509028 0.035667 0.144889
0 0.307836 0.559694 0.032849 0.161796
0 0.193185 0.427597 0.025203 0.137898
0 0.617812 0.207463 0.019740 0.085185
1 0.697555 0.132440 0.008318 0.012806
1 0.823133 0.297056 0.010880 0.016926
0 0.776008 0.294204 0.042953 0.111685
