0 0.891802 0.669801 0.023417 0.111028
0 0.292477 0.713412 0.026026 0.131750
0 0.934427 0.509116 0.017854 0.101454
0 0.149544 0.499218 0.018630 0.098843
0 0.910172 0.500750 0.020250 0.101500
0 0.685628 0.658444 0.026380 0.120407
0 0.557638 0.532380 0.020026 0.097315
0 0.907052 0.414671 0.018323 0.089046
0 0.512794 0.452144 0.018286 0.088824
0 0.214177 0.414579 0.015094 0.083120
0 0.247555 0.409801 0.016651 0.075361
0 0.343859 0.338000 0.014958 0.071056
0 0.570784 0.363718 0.012464 0.072546
0 0.583664 0.365560 0.015818 0.077694
0 0.486156 0.332514 0.012000 0.063120
0 0.102065 0.336486 0.019255 0.068546
0 0.465857 0.335778 0.013901 0.054537
0 0.094143 0.306745 0.014370 0.060657
1 0.462854 0.353731 0.004708 0.008278
