0 0.041753 0.543157 0.021255 0.098556
0 0.849836 0.675380 0.026339 0.095667
0 0.456857 0.613403 0.040182 0.092917
0 0.339818 0.533264 0.020604 0.096787
0 0.758768 0.581292 0.035380 0.089769
0 0.626685 0.682977 0.035797 0.112639
0 0.551232 0.516838 0.022266 0.073083
0 0.238185 0.588519 0.022849 0.087333
0 0.517958 0.495190 0.032604 0.076472
0 0.441224 0.479065 0.021427 0.083648
0 0.125888 0.665153 0.024026 0.110713
0 0.806740 0.499819 0.034125 0.081824
0 0.083714 0.357431 0.015635 0.070898
0 0.255310 0.568667 0.016016 0.087833
0 0.104419 0.481083 0.020141 0.085519
0 0.821089 0.552079 0.029052 0.078750
0 0.601471 0.507250 0.026151 0.084722
0 0.115073 0.477949 0.011625 0.084361
1 0.622523 0.505648 0.008120 0.013667
0 0.614914 0.479477 0.016839 0.076824
0 0.596836 0.472111 0.017859 0.056426
1 0.458581 0.337810 0.006432 0.011213
