0 0.175198 0.247907 0.017906 0.088000
0 0.547151 0.754088 0.043198 0.105583
0 0.515151 0.749569 0.041604 0.121602
1 0.491156 0.829560 0.010573 0.025065
0 0.425794 0.760500 0.052495 0.150556
0 0.832138 0.165935 0.018203 0.079481
0 0.610602 0.554620 0.028641 0.136000
0 0.421169 0.204130 0.016411 0.085074
0 0.212076 0.729616 0.041526 0.138269
0 0.516617 0.292153 0.026036 0.095769
0 0.449516 0.237843 0.020500 0.094204
0 0.051445 0.178106 0.016370 0.074620
0 0.069818 0.187000 0.019865 0.080111
0 0.552214 0.561204 0.027677 0.123426
0 0.380359 0.164838 0.014167 0.072583
0 0.494951 0.459060 0.022672 0.113935
0 0.280586 0.347782 0.022422 0.077009
0 0.291906 0.406042 0.026625 0.102361
0 0.253336 0.323875 0.017943 0.094972
