1 0.188266 0.608315 0.009063 0.015352
0 0.170583 0.577171 0.024771 0.072787
0 0.156339 0.142310 0.010479 0.041602
0 0.501284 0.169852 0.012828 0.059241
0 0.411599 0.820796 0.033354 0.109259
0 0.830284 0.195454 0.013141 0.063074
0 0.334979 0.304556 0.014563 0.078315
0 0.709065 0.317861 0.020953 0.077833
0 0.268013 0.648648 0.022995 0.097426
0 0.339893 0.888852 0.021828 0.142778
0 0.886299 0.338644 0.017422 0.072269
0 0.879242 0.409838 0.020693 0.093213
0 0.406089 0.527843 0.025031 0.106815
0 0.742458 0.430593 0.018552 0.090685
0 0.935299 0.622505 0.029724 0.119065
0 0.375482 0.554884 0.034432 0.113417
0 0.436440 0.442560 0.019995 0.102602
