0 0.949464 0.467153 0.021646 0.117250
0 0.516164 0.542380 0.034599 0.122759
0 0.515234 0.325278 0.018021 0.090630
0 0.272430 0.274292 0.029484 0.071546
0 0.742510 0.408245 0.020417 0.112398
0 0.025487 0.531875 0.027755 0.128787
0 0.541443 0.355306 0.019302 0.093778
0 0.767901 0.654532 0.035688 0.146417
0 0.603737 0.412968 0.024901 0.104935
0 0.196279 0.613602 0.040630 0.140037
1 0.761362 0.371370 0.007620 0.014111
0 0.191206 0.522435 0.036141 0.073093
0 0.776370 0.330903 0.023062 0.090398
0 0.502641 0.362713 0.018917 0.091852
0 0.067693 0.461870 0.035823 0.114204
