0 0.324258 0.271296 0.014099 0.061481
0 0.706057 0.301611 0.011823 0.061278
0 0.829570 0.419194 0.016682 0.076704
1 0.401310 0.345611 0.006401 0.011648
0 0.832055 0.397921 0.013432 0.034787
0 0.504479 0.576574 0.021521 0.105704
0 0.599792 0.489259 0.016427 0.091463
0 0.050557 0.710778 0.023385 0.121944
0 0.984779 0.439620 0.015745 0.085852
0 0.587945 0.362329 0.014818 0.074361
0 0.662651 0.371764 0.014750 0.073750
0 0.621193 0.330199 0.011500 0.072046
0 0.176747 0.418125 0.018214 0.084898
0 0.743096 0.307866 0.014005 0.058306
0 0.848930 0.349389 0.012995 0.077130
0 0.835026 0.454102 0.020250 0.091833
0 0.484034 0.380315 0.017620 0.067370
0 0.969424 0.612815 0.024724 0.111500
0 0.382536 0.317597 0.017333 0.060398
0 0.819372 0.364528 0.013797 0.073037
