0 0.963607 0.261287 0.019839 0.092926
0 0.544164 0.221500 0.021141 0.076944
0 0.507940 0.444319 0.024057 0.110083
0 0.464872 0.206981 0.014130 0.077648
0 0.459818 0.308644 0.019708 0.097361
0 0.489135 0.359259 0.028062 0.106056
0 0.859237 0.258032 0.015182 0.067657
0 0.474451 0.278509 0.022234 0.080296
0 0.390529 0.153259 0.017391 0.065574
0 0.895393 0.208787 0.022849 0.076593
0 0.857461 0.333421 0.026953 0.095120
0 0.734195 0.316444 0.023078 0.102389
0 0.456984 0.543171 0.026667 0.134731
0 0.832654 0.230894 0.020234 0.075694
1 0.879031 0.240764 0.007583 0.012509