0 0.223867 0.622315 0.020443 0.105667
0 0.732734 0.338370 0.013594 0.053222
0 0.737154 0.388870 0.021151 0.076037
0 0.777674 0.560764 0.025193 0.093046
1 0.618276 0.703875 0.010885 0.017676
0 0.293724 0.228130 0.011375 0.040648
0 0.605583 0.290579 0.013948 0.056028
0 0.358422 0.274639 0.012448 0.058463
0 0.815286 0.423546 0.019031 0.077315
0 0.460237 0.323907 0.018599 0.063259
0 0.330104 0.625690 0.031365 0.093935
0 0.409135 0.400528 0.015083 0.072444
0 0.139727 0.343644 0.016703 0.065713
0 0.495573 0.450292 0.018510 0.075917
0 0.890245 0.545458 0.025479 0.085750
0 0.334128 0.313000 0.017130 0.064222
0 0.398273 0.776370 0.022078 0.114981
0 0.364279 0.774796 0.027391 0.119852
0 0.166690 0.571995 0.022411 0.095583
0 0.073953 0.195755 0.012646 0.047769
