0 0.509622 0.305773 0.014089 0.079213
0 0.249284 0.516449 0.025068 0.101731
0 0.502125 0.545926 0.024354 0.098667
0 0.189555 0.462245 0.035234 0.105102
0 0.851177 0.473176 0.021187 0.099148
0 0.591370 0.505968 0.030594 0.110935
0 0.076169 0.532745 0.022193 0.107157
0 0.506237 0.429282 0.021495 0.103454
0 0.648479 0.345481 0.019354 0.091241
0 0.404443 0.755588 0.026302 0.134546
0 0.479156 0.367926 0.021156 0.086815
0 0.674247 0.387954 0.020526 0.099593
0 0.012870 0.298315 0.021135 0.075630
0 0.426250 0.457273 0.022156 0.097472
0 0.419815 0.294935 0.019349 0.077444
0 0.755747 0.372495 0.023411 0.116435
0 0.890594 0.236361 0.015896 0.072870
1 0.039510 0.682009 0.011687 0.019037
