0 0.701690 0.532556 0.031120 0.100185
0 0.754409 0.647412 0.021891 0.143787
0 0.973844 0.515116 0.031604 0.119917
0 0.072951 0.719782 0.025109 0.140528
0 0.345997 0.520847 0.022391 0.110287
0 0.335591 0.396148 0.025828 0.093981
0 0.851477 0.511736 0.029224 0.126083
0 0.481849 0.397167 0.021750 0.093204
0 0.560435 0.435648 0.020203 0.099963
0 0.695510 0.430167 0.020177 0.105704
0 0.302641 0.511532 0.031479 0.104843
0 0.951245 0.460208 0.023021 0.116694
0 0.720526 0.867921 0.030063 0.158009
0 0.651997 0.431301 0.019276 0.098417
0 0.513375 0.501889 0.035979 0.119296
0 0.913370 0.519838 0.027063 0.186120
0 0.822753 0.514181 0.021120 0.117231
0 0.813128 0.482472 0.019807 0.115481
1 0.366617 0.418380 0.008380 0.014463
