0 0.436633 0.277639 0.020359 0.093093
0 0.863130 0.323343 0.020740 0.095759
0 0.845055 0.190810 0.017057 0.074843
0 0.539797 0.693676 0.024937 0.126926
0 0.400326 0.270898 0.018339 0.083574
1 0.485518 0.471792 0.017620 0.023806
0 0.899206 0.616583 0.025828 0.111500
0 0.259424 0.644972 0.026318 0.130222
0 0.477638 0.651454 0.025307 0.145056
0 0.669125 0.658181 0.024281 0.124435
0 0.306909 0.484088 0.029557 0.098917
0 0.768365 0.600153 0.031521 0.128898
0 0.275253 0.478579 0.022224 0.113491
0 0.204773 0.488088 0.028995 0.123380
0 0.123875 0.549421 0.036437 0.123935
0 0.596651 0.399347 0.024771 0.099602
0 0.213044 0.400181 0.021203 0.095769
