0 0.420641 0.455037 0.012521 0.062000
1 0.087320 0.667741 0.008047 0.013370
0 0.250078 0.378412 0.013531 0.044769
0 0.236948 0.487588 0.012156 0.066120
0 0.406388 0.419218 0.012849 0.054472
0 0.589328 0.491884 0.013656 0.071750
0 0.632458 0.540296 0.014906 0.077593
0 0.517984 0.458134 0.015031 0.064361
0 0.606185 0.540454 0.013536 0.070944
0 0.355471 0.411361 0.011151 0.056407
0 0.439617 0.476324 0.014130 0.069611
0 0.285875 0.433611 0.013719 0.059278
0 0.565682 0.471806 0.013635 0.069130
0 0.452625 0.519139 0.013281 0.071630
0 0.332714 0.458977 0.013229 0.062954
0 0.254289 0.549181 0.016349 0.073991
0 0.535122 0.588569 0.014026 0.077139
0 0.066799 0.636204 0.017849 0.087019
0 0.285891 0.520500 0.014031 0.067889
0 0.139901 0.482880 0.013354 0.066981
0 0.826896 0.440042 0.016604 0.070991
0 0.539771 0.736755 0.020260 0.101306
