0 0.960740 0.363898 0.028125 0.110333
0 0.715622 0.314861 0.026776 0.100037
0 0.853732 0.427218 0.023401 0.111935
0 0.122609 0.728343 0.044062 0.159852
0 0.161815 0.384648 0.020870 0.112833
0 0.666107 0.380227 0.020943 0.097824
0 0.407643 0.205213 0.017891 0.086019
0 0.716135 0.851231 0.036313 0.149778
0 0.801281 0.211282 0.022646 0.085898
0 0.280953 0.239773 0.024542 0.083250
0 0.573867 0.686162 0.030828 0.136861
0 0.211227 0.427412 0.021807 0.109731
0 0.611323 0.219097 0.019917 0.090602
0 0.568487 0.311273 0.020339 0.100231
0 0.471427 0.698264 0.033656 0.139769
