0 0.952643 0.290671 0.014693 0.052231
0 0.251018 0.522421 0.025672 0.116324
0 0.626599 0.411509 0.021458 0.102852
0 0.630823 0.337273 0.017208 0.067398
0 0.353398 0.482093 0.022901 0.107333
0 0.739875 0.211269 0.017448 0.065426
0 0.793898 0.505981 0.024505 0.114111
0 0.359388 0.355329 0.019099 0.095528
0 0.691143 0.425301 0.021839 0.112083
0 0.538219 0.428403 0.018573 0.093843
0 0.413667 0.740421 0.031448 0.146972
0 0.957151 0.344102 0.020802 0.090611
0 0.054487 0.617231 0.028443 0.140148
0 0.581784 0.280958 0.017089 0.089565
0 0.142854 0.154111 0.017135 0.062204
0 0.997112 0.367940 0.005776 0.082176
0 0.467935 0.157866 0.016057 0.075176
0 0.976419 0.627352 0.024526 0.135352
0 0.131737 0.262634 0.015859 0.090102
0 0.683083 0.649255 0.027031 0.133287
