0 0.553602 0.312620 0.014932 0.085241
0 0.484997 0.298199 0.014599 0.054472
0 0.484935 0.285153 0.014286 0.028769
0 0.257695 0.398972 0.016359 0.091963
0 0.626044 0.307972 0.016286 0.076407
0 0.536990 0.309093 0.016385 0.087296
0 0.501328 0.546037 0.027573 0.120167
0 0.887737 0.297755 0.018286 0.081565
0 0.340943 0.346477 0.016625 0.085880
0 0.460339 0.324273 0.015219 0.081787
0 0.612706 0.363745 0.018057 0.086639
0 0.185961 0.514389 0.016880 0.108315
1 0.288057 0.741787 0.011781 0.018796
0 0.523375 0.296727 0.015896 0.081250
0 0.569362 0.387486 0.019568 0.079287
0 0.114786 0.690231 0.025646 0.132889
0 0.479974 0.329083 0.015312 0.084259
0 0.662958 0.382671 0.018469 0.090769
0 0.590281 0.336676 0.023729 0.089889