0 0.959617 0.434481 0.016005 0.061130
0 0.435997 0.351403 0.014932 0.056528
0 0.114773 0.381306 0.016630 0.059704
0 0.081042 0.415671 0.015208 0.063509
0 0.004352 0.817583 0.008703 0.102519
1 0.375089 0.036023 0.008802 0.016250
0 0.551448 0.551356 0.029010 0.084231
0 0.128344 0.500352 0.028781 0.060037
0 0.051552 0.508259 0.021448 0.074852
0 0.450732 0.386606 0.017568 0.061269
0 0.827839 0.692491 0.038250 0.109852
0 0.323495 0.535699 0.017771 0.079361
0 0.079497 0.346111 0.019630 0.058500
0 0.291370 0.495491 0.020833 0.071019
0 0.638906 0.366731 0.015073 0.055815
0 0.627891 0.465736 0.022760 0.061657
0 0.619214 0.452602 0.013240 0.074241
0 0.809734 0.446523 0.017250 0.078435
