0 0.350083 0.751431 0.035656 0.120324
0 0.182177 0.345134 0.020063 0.069731
0 0.846714 0.806926 0.033146 0.122130
1 0.469573 0.684602 0.010229 0.016074
0 0.054128 0.490588 0.027495 0.076435
0 0.016315 0.503120 0.032630 0.091481
0 0.422672 0.436083 0.018604 0.078333
0 0.560987 0.692046 0.039464 0.093426
0 0.835716 0.428009 0.022880 0.083481
0 0.759404 0.773968 0.024964 0.120713
0 0.263542 0.744255 0.039427 0.115954
0 0.125880 0.252556 0.018521 0.057259
0 0.966352 0.652713 0.035953 0.111611
0 0.589471 0.259921 0.018245 0.060806
0 0.527378 0.311458 0.019401 0.067991
0 0.736419 0.546944 0.025422 0.091481
0 0.595617 0.679088 0.037380 0.095602
0 0.653240 0.268718 0.015031 0.056565