0 0.561815 0.221412 0.013995 0.065917
1 0.212102 0.548495 0.009547 0.019139
1 0.348247 0.312310 0.007130 0.011806
0 0.833940 0.422181 0.016266 0.074213
0 0.476630 0.465593 0.019417 0.102981
0 0.312792 0.215537 0.019448 0.074759
0 0.829367 0.491199 0.029839 0.104454
0 0.202138 0.505736 0.028932 0.112250
0 0.896286 0.368653 0.020323 0.096213
0 0.951391 0.397106 0.019896 0.105769
0 0.920599 0.670796 0.022823 0.121222
0 0.855349 0.265755 0.019438 0.077991
0 0.360070 0.276644 0.016307 0.075009
0 0.475187 0.310352 0.015021 0.074963
0 0.820185 0.344597 0.019849 0.089176
0 0.702617 0.265403 0.015641 0.077602
0 0.735362 0.299458 0.020943 0.084176
0 0.625255 0.250995 0.016563 0.076065
0 0.757185 0.347009 0.019193 0.084722
