0 0.304870 0.396208 0.021323 0.087954
0 0.417328 0.433421 0.023052 0.083176
0 0.858937 0.370370 0.019135 0.073519
0 0.321854 0.447088 0.017719 0.079602
0 0.641414 0.474435 0.019901 0.091370
0 0.075385 0.449718 0.024906 0.087139
0 0.725344 0.500477 0.024344 0.091602
0 0.361716 0.350653 0.023339 0.075454
0 0.556958 0.407130 0.017667 0.078463
0 0.043544 0.491694 0.022151 0.095296
0 0.889924 0.421616 0.020672 0.089306
0 0.944396 0.571995 0.024479 0.108269
0 0.331857 0.566718 0.034380 0.110306
0 0.155648 0.370255 0.021849 0.074065
0 0.794945 0.365102 0.021995 0.077704
0 0.338000 0.300551 0.019844 0.068194
0 0.016432 0.649764 0.019740 0.114028
0 0.438122 0.325241 0.019203 0.063463
1 0.477695 0.186824 0.008068 0.012556
0 0.782687 0.437167 0.025885 0.074852
0 0.862297 0.886093 0.033677 0.159463
