0 0.051958 0.438435 0.021427 0.099981
0 0.783427 0.355833 0.012229 0.059963
0 0.245510 0.285574 0.009875 0.037500
0 0.495646 0.330250 0.014875 0.054407
0 0.409076 0.377880 0.023661 0.022204
0 0.112482 0.406528 0.022859 0.077870
0 0.384479 0.363125 0.018750 0.055194
0 0.348193 0.343394 0.011177 0.055620
0 0.864701 0.425148 0.013891 0.082111
0 0.666216 0.473208 0.019172 0.101991
0 0.256961 0.352514 0.015620 0.066546
0 0.341987 0.372347 0.012901 0.064880
0 0.433672 0.391065 0.014010 0.063611
0 0.116456 0.378273 0.020057 0.061528
0 0.060039 0.636759 0.040130 0.188111
0 0.430995 0.345481 0.012198 0.041630
0 0.922703 0.526301 0.022552 0.112176
0 0.915729 0.445519 0.019458 0.086889
0 0.900292 0.389657 0.019146 0.075926
0 0.321982 0.392227 0.014391 0.079917
0 0.713732 0.431630 0.029714 0.089981
