0 0.166169 0.275213 0.020859 0.078296
0 0.193763 0.359144 0.018932 0.104546
0 0.450451 0.416750 0.022099 0.127741
0 0.423836 0.359074 0.028766 0.115981
0 0.361016 0.750255 0.039156 0.205491
1 0.368234 0.457005 0.013021 0.019583
0 0.774240 0.227519 0.019615 0.084741
0 0.115242 0.709769 0.042411 0.201944
0 0.008857 0.523417 0.017484 0.138130
0 0.288523 0.314912 0.021411 0.096769
0 0.649453 0.500611 0.026125 0.157185
0 0.325081 0.440731 0.032755 0.102463
0 0.264526 0.290551 0.019927 0.088324
0 0.376214 0.369366 0.022344 0.098806
