0 0.075922 0.487898 0.022510 0.139241
1 0.392471 0.505287 0.010901 0.017759
0 0.323016 0.488037 0.033167 0.108500
0 0.280685 0.338139 0.022901 0.105074
0 0.912216 0.641097 0.040182 0.158009
0 0.348427 0.585014 0.032292 0.172176
0 0.183307 0.174306 0.015260 0.066370
0 0.703044 0.127106 0.008495 0.034009
0 0.305229 0.441306 0.040250 0.095574
0 0.614589 0.414870 0.035115 0.106741
0 0.709057 0.391667 0.028938 0.111111
0 0.771708 0.389222 0.021479 0.112667
0 0.642737 0.235616 0.015130 0.087731
0 0.421823 0.603130 0.037604 0.181852
0 0.573339 0.246894 0.017531 0.093750
0 0.374195 0.553949 0.036745 0.153287
0 0.547745 0.913051 0.056052 0.173472
0 0.471086 0.884727 0.065453 0.222880
0 0.476406 0.298694 0.022417 0.111759
