0 0.582167 0.485028 0.019594 0.120111
0 0.811263 0.585306 0.051057 0.180630
0 0.090362 0.638384 0.033057 0.173324
0 0.497346 0.540417 0.030078 0.144500
0 0.619503 0.567935 0.030974 0.154926
0 0.914443 0.413519 0.012688 0.087722
0 0.433471 0.603375 0.029203 0.151769
1 0.506375 0.459583 0.009135 0.018519
0 0.618148 0.774088 0.042974 0.209046
0 0.203286 0.478139 0.042823 0.113907
0 0.723216 0.644829 0.037630 0.167194
0 0.432060 0.499870 0.030349 0.097593
0 0.681570 0.814181 0.045120 0.206046
0 0.323685 0.564389 0.027672 0.160722
