0 0.243099 0.378648 0.016917 0.092870
1 0.374971 0.312662 0.005214 0.008991
0 0.388451 0.292231 0.021276 0.062296
0 0.746380 0.378551 0.021302 0.118861
0 0.757969 0.336282 0.016167 0.081880
0 0.417576 0.395157 0.018724 0.097130
0 0.618859 0.422556 0.018177 0.110815
0 0.536135 0.413870 0.020271 0.103333
0 0.677529 0.421486 0.026443 0.110694
0 0.447052 0.501347 0.024490 0.126454
0 0.197823 0.470569 0.023177 0.112657
0 0.664039 0.364370 0.014880 0.094667
0 0.617401 0.331778 0.015448 0.081722
0 0.494326 0.397060 0.018318 0.075324
0 0.639091 0.362829 0.014880 0.086306
0 0.785344 0.376144 0.019948 0.102102
0 0.605435 0.342833 0.016891 0.072333
0 0.839721 0.348116 0.017922 0.100250
0 0.593396 0.431824 0.022562 0.113722
0 0.496344 0.482931 0.035281 0.138380
0 0.026370 0.457532 0.022823 0.120157
