0 0.616305 0.430843 0.019214 0.086463
0 0.759349 0.385412 0.013667 0.067750
0 0.806701 0.399472 0.015349 0.064981
0 0.763424 0.456361 0.022901 0.105296
0 0.030370 0.433051 0.017969 0.089306
0 0.320086 0.559875 0.025849 0.142528
0 0.095854 0.492824 0.027854 0.117407
0 0.409477 0.447167 0.020109 0.090500
0 0.588966 0.422458 0.016328 0.070861
0 0.981542 0.481505 0.028594 0.121269
0 0.784495 0.473509 0.022219 0.112333
0 0.648617 0.509403 0.025974 0.125898
0 0.278320 0.464255 0.025755 0.099509
0 0.699117 0.425569 0.018047 0.070491
0 0.594656 0.635977 0.043292 0.173509
0 0.450299 0.463940 0.022016 0.108880
0 0.541240 0.467968 0.023771 0.106472
