0 0.357492 0.316583 0.013016 0.064148
0 0.331891 0.703167 0.078635 0.216352
0 0.740826 0.340685 0.016870 0.082556
0 0.150794 0.327306 0.015182 0.057852
0 0.814602 0.432718 0.028724 0.137435
0 0.212326 0.344417 0.015036 0.074056
0 0.197727 0.323634 0.013443 0.058454
0 0.468849 0.296884 0.013625 0.050546
0 0.186047 0.297301 0.010396 0.049046
1 0.732122 0.439352 0.009849 0.016796
0 0.073461 0.456551 0.033734 0.120398
0 0.432805 0.364403 0.016255 0.090380
0 0.125740 0.397472 0.018292 0.100278
0 0.235500 0.346176 0.017708 0.070519
0 0.467417 0.376500 0.018521 0.072630
0 0.109258 0.425426 0.027786 0.113000
