0 0.729391 0.423037 0.024000 0.103870
0 0.985081 0.408417 0.015026 0.083648
0 0.147255 0.444227 0.024510 0.096324
0 0.906500 0.335199 0.014042 0.062472
0 0.742911 0.402079 0.013677 0.080454
1 0.308784 0.421912 0.010318 0.014046
0 0.977219 0.504750 0.023927 0.134000
0 0.500245 0.863991 0.063958 0.261481
0 0.465279 0.441227 0.016974 0.087120
0 0.485154 0.422319 0.017693 0.100787
0 0.170807 0.404282 0.016156 0.087528
0 0.910781 0.510907 0.027063 0.145519
0 0.211052 0.466954 0.022646 0.100907
0 0.529604 0.584847 0.027979 0.155009
0 0.526682 0.369042 0.016875 0.077769
