0 0.245938 0.502093 0.024313 0.102852
0 0.741289 0.613875 0.039432 0.166731
0 0.058523 0.550676 0.031286 0.136593
0 0.099125 0.568199 0.024771 0.114861
0 0.273326 0.808843 0.061651 0.228574
0 0.467990 0.575120 0.044250 0.113333
0 0.366669 0.582074 0.032891 0.131852
0 0.712258 0.559491 0.035484 0.115278
0 0.547602 0.641977 0.039245 0.163639
0 0.618880 0.504120 0.026385 0.085537
0 0.515602 0.553579 0.018870 0.102880
0 0.504995 0.517301 0.031146 0.112824
0 0.746393 0.509370 0.026328 0.062481
1 0.699271 0.594921 0.008958 0.016139
0 0.670102 0.613440 0.033807 0.151991
