0 0.255039 0.450116 0.015818 0.085435
0 0.335570 0.465222 0.016255 0.095556
1 0.759409 0.812875 0.018016 0.024176
0 0.381089 0.474602 0.018562 0.094537
0 0.469792 0.491125 0.021979 0.093843
0 0.782927 0.617745 0.031510 0.138583
0 0.681716 0.752736 0.035432 0.186028
0 0.207445 0.472532 0.015953 0.087824
0 0.161383 0.437917 0.016724 0.077093
0 0.185437 0.443005 0.016521 0.077935
0 0.302174 0.461491 0.017526 0.092370
0 0.617255 0.440097 0.022677 0.079657
0 0.222393 0.442282 0.013099 0.078861
0 0.320302 0.467148 0.015583 0.086000
0 0.240529 0.457574 0.018307 0.092000
0 0.089169 0.478412 0.026891 0.102435
0 0.275958 0.459792 0.021583 0.105231
0 0.349297 0.466866 0.021875 0.096250
