0 0.303125 0.500926 0.016667 0.092593
0 0.745313 0.473611 0.019792 0.086111
0 0.861641 0.480463 0.018073 0.023889
0 0.943958 0.789398 0.022500 0.063981
0 0.646615 0.483333 0.015104 0.085185
0 0.873255 0.508102 0.010781 0.085278
0 0.991406 0.837454 0.016146 0.119537
0 0.395052 0.624074 0.023438 0.109259
0 0.743750 0.583333 0.017708 0.094444
0 0.385937 0.624537 0.042708 0.108333
0 0.715104 0.557407 0.017708 0.085185
0 0.410156 0.348611 0.010937 0.058333
0 0.146615 0.675463 0.034896 0.108333
1 0.319924 0.541926 0.006495 0.016685
0 0.690625 0.562500 0.016667 0.093519
