0 0.218430 0.831157 0.037703 0.052167
0 0.683854 0.594907 0.017708 0.115741
0 0.267188 0.552778 0.019792 0.107407
0 0.414844 0.745833 0.043229 0.125000
0 0.502344 0.595370 0.040104 0.109259
0 0.447396 0.573611 0.027083 0.102778
0 0.785112 0.206778 0.015307 0.049463
0 0.439323 0.445370 0.019271 0.092593
0 0.936719 0.394444 0.020313 0.083333
0 0.799479 0.683796 0.028125 0.126852
0 0.577344 0.477315 0.033854 0.080556
0 0.515104 0.512963 0.018750 0.075926
0 0.171094 0.332407 0.020313 0.072222
0 0.969323 0.903704 0.024896 0.155556
1 0.211953 0.843713 0.009344 0.014833
