0 0.867547 0.500741 0.019792 0.076296
1 0.492010 0.516352 0.007729 0.012204
0 0.565885 0.542593 0.016146 0.081481
0 0.434896 0.711574 0.023958 0.106481
0 0.694271 0.586111 0.018750 0.083333
0 0.774740 0.655556 0.017188 0.094444
0 0.931464 0.540167 0.018177 0.089574
0 0.673083 0.489282 0.015677 0.077620
0 0.212211 0.410681 0.014495 0.062028
0 0.666641 0.475648 0.014531 0.064259
0 0.936979 0.515278 0.016667 0.073148
0 0.545312 0.440741 0.011458 0.046296
0 0.471354 0.487963 0.015625 0.055556
0 0.916667 0.550926 0.018750 0.083333
0 0.206250 0.545833 0.017708 0.087963
0 0.801562 0.515278 0.014583 0.062037
0 0.421875 0.439815 0.014583 0.062963
