0 0.444297 0.527130 0.018385 0.070370
0 0.473177 0.554769 0.016146 0.077500
0 0.435576 0.535731 0.018026 0.082056
0 0.305469 0.559722 0.019271 0.086111
0 0.743490 0.531019 0.015104 0.078704
0 0.514878 0.533954 0.015099 0.092037
1 0.263284 0.410620 0.008057 0.015037
0 0.607604 0.585926 0.017083 0.089259
0 0.572917 0.571296 0.015625 0.088889
0 0.534896 0.553241 0.019792 0.086111
0 0.289323 0.507870 0.020313 0.069444
0 0.412760 0.493981 0.016146 0.076852
0 0.350000 0.507407 0.016667 0.085185
0 0.260937 0.528704 0.021875 0.079630
0 0.196094 0.539815 0.023438 0.090741
0 0.145313 0.841204 0.032292 0.137963
0 0.450781 0.611111 0.018229 0.100000
0 0.284115 0.893519 0.027604 0.138889
0 0.480701 0.530005 0.016224 0.086528
0 0.601974 0.565593 0.016719 0.088204
