0 0.920833 0.593056 0.017708 0.082407
0 0.464971 0.393440 0.018797 0.047750
0 0.466500 0.449102 0.021750 0.056981
0 0.400781 0.519907 0.022396 0.073148
0 0.516927 0.563426 0.018229 0.082407
0 0.354427 0.579167 0.023438 0.080556
0 0.417344 0.430463 0.012187 0.059444
0 0.099557 0.617685 0.020677 0.072407
0 0.642630 0.483333 0.020990 0.066667
0 0.411307 0.391694 0.017396 0.032648
1 0.689120 0.494630 0.007250 0.012889
0 0.320312 0.546296 0.019792 0.079630
0 0.117448 0.647222 0.021354 0.081481
0 0.201563 0.553241 0.022917 0.073148
0 0.296875 0.634259 0.025000 0.088889
0 0.747135 0.519907 0.016146 0.067593
0 0.090914 0.691523 0.028026 0.106528
0 0.220833 0.517593 0.025000 0.087037
0 0.701042 0.471296 0.013542 0.057407
0 0.371094 0.457870 0.024479 0.052778
0 0.229427 0.496759 0.014063 0.067593
