0 0.229167 0.451389 0.017708 0.062037
0 0.166667 0.618519 0.026042 0.090741
0 0.544010 0.450000 0.015104 0.053704
0 0.871875 0.453704 0.012500 0.061111
0 0.328646 0.488426 0.019792 0.065741
0 0.080990 0.612037 0.022396 0.090741
0 0.490104 0.418519 0.014583 0.062963
0 0.420286 0.423380 0.023906 0.061574
0 0.503125 0.507222 0.022917 0.074444
0 0.309318 0.466843 0.025687 0.067778
0 0.050047 0.423440 0.016573 0.067750
0 0.976068 0.870370 0.038490 0.135185
0 0.716667 0.439167 0.015625 0.066852
1 0.416206 0.454755 0.004984 0.010176
0 0.637500 0.463426 0.020833 0.071296
0 0.026823 0.763889 0.044271 0.122222
0 0.658594 0.494444 0.016146 0.068519
0 0.892448 0.516204 0.020313 0.078704
0 0.395573 0.512037 0.019271 0.075926
0 0.056771 0.972222 0.026042 0.055556
0 0.971354 0.622685 0.032292 0.093519
0 0.019792 0.534259 0.025000 0.083333
