0 0.644010 0.663426 0.025521 0.136111
0 0.672656 0.469444 0.022396 0.096296
0 0.696615 0.350926 0.016146 0.079630
0 0.076042 0.435185 0.018750 0.088889
0 0.356510 0.383333 0.016146 0.072222
0 0.412240 0.382870 0.023438 0.069444
0 0.322396 0.326852 0.019792 0.064815
0 0.458333 0.335185 0.019792 0.068519
0 0.010937 0.411574 0.017708 0.082407
1 0.422081 0.410764 0.008859 0.015046
0 0.011719 0.326852 0.019271 0.075926
0 0.390625 0.651852 0.028125 0.137037
0 0.492188 0.479167 0.021875 0.093519
0 0.006195 0.357759 0.011047 0.046852
