0 0.953906 0.640741 0.027604 0.122222
0 0.673958 0.453704 0.020833 0.090741
0 0.368229 0.558796 0.023958 0.113889
0 0.730729 0.576852 0.031250 0.107407
0 0.213542 0.545833 0.030208 0.089815
1 0.622917 0.618981 0.010417 0.017593
0 0.369714 0.458611 0.024844 0.089444
0 0.017969 0.571296 0.022396 0.100000
0 0.464766 0.426574 0.018073 0.083889
0 0.411979 0.511481 0.012812 0.060000
0 0.439245 0.557870 0.019427 0.095370
0 0.412135 0.558519 0.036146 0.081111
0 0.245833 0.381481 0.026042 0.077778
0 0.324740 0.591481 0.034896 0.100370
0 0.769531 0.270694 0.021354 0.056759
0 0.038021 0.572222 0.026042 0.101852
0 0.127083 0.706481 0.039583 0.133333
0 0.078646 0.777315 0.025000 0.136111
