0 0.828906 0.440278 0.017188 0.076852
0 0.853125 0.423611 0.013542 0.089815
0 0.205469 0.499074 0.023438 0.094444
0 0.213281 0.679167 0.033854 0.125000
0 0.838542 0.520833 0.021875 0.091667
0 0.364583 0.699537 0.026042 0.110185
0 0.451823 0.519907 0.031771 0.093519
0 0.304427 0.545370 0.018229 0.092593
0 0.347656 0.405093 0.028646 0.069444
0 0.985417 0.531019 0.027083 0.097222
0 0.732552 0.524213 0.031771 0.094907
0 0.291302 0.429769 0.028438 0.078056
0 0.768594 0.500139 0.026771 0.100278
0 0.313932 0.377259 0.031990 0.072167
0 0.405990 0.391667 0.023438 0.077778
