0 0.456701 0.111556 0.010339 0.050389
0 0.664844 0.417130 0.020313 0.093519
0 0.764062 0.745370 0.037500 0.148148
0 0.082292 0.526389 0.035417 0.113889
0 0.717969 0.419444 0.021354 0.105556
0 0.620833 0.627778 0.028125 0.122222
0 0.314063 0.470370 0.030208 0.109259
0 0.872396 0.722685 0.025000 0.156481
0 0.900781 0.436574 0.017188 0.102778
0 0.543229 0.636111 0.023958 0.120370
0 0.255208 0.598611 0.030208 0.123148
0 0.460677 0.364815 0.021354 0.083333
0 0.223177 0.313889 0.024479 0.085185
0 0.250781 0.772222 0.039062 0.148148
0 0.879167 0.303241 0.034375 0.087963
0 0.930729 0.613426 0.021875 0.130556
1 0.262089 0.742356 0.011073 0.019713
0 0.834896 0.226852 0.015625 0.077778
