0 0.804167 0.331019 0.015625 0.071296
0 0.389688 0.749074 0.021667 0.129630
0 0.522839 0.765833 0.030365 0.122037
0 0.038281 0.623611 0.024479 0.117593
0 0.200781 0.428241 0.022396 0.086111
0 0.926302 0.449074 0.023438 0.101852
0 0.587500 0.532407 0.020833 0.096296
0 0.512810 0.695972 0.031776 0.073241
0 0.375026 0.750000 0.018802 0.129630
0 0.464844 0.556019 0.020313 0.104630
0 0.467187 0.736574 0.051042 0.091667
0 0.380208 0.289815 0.017708 0.062963
0 0.671354 0.319444 0.013542 0.061111
0 0.688802 0.727315 0.019271 0.080556
0 0.283594 0.208796 0.013021 0.043519
0 0.814323 0.648611 0.031771 0.112037
0 0.130990 0.658333 0.024479 0.124074
0 0.103646 0.423611 0.016667 0.089815
0 0.669792 0.793519 0.026042 0.135185
0 0.422396 0.569444 0.022917 0.090741
