0 0.207292 0.489352 0.020833 0.095370
0 0.645833 0.399537 0.014583 0.087963
0 0.916667 0.290278 0.030208 0.075000
0 0.966406 0.353241 0.028646 0.087963
0 0.691927 0.318519 0.016146 0.079630
0 0.461198 0.357870 0.015104 0.078704
0 0.465885 0.682870 0.030729 0.128704
0 0.651823 0.659722 0.035937 0.123148
0 0.222396 0.578241 0.044792 0.112037
1 0.297164 0.806894 0.012224 0.021639
0 0.335443 0.815463 0.032240 0.149444
0 0.943958 0.193056 0.011042 0.050926
0 0.281510 0.432407 0.022396 0.087037
0 0.786979 0.430556 0.017708 0.090741
0 0.932813 0.194907 0.012500 0.047222
1 0.241604 0.811407 0.013167 0.017167
