0 0.405729 0.691667 0.050000 0.105556
0 0.638896 0.364574 0.029115 0.082815
0 0.407193 0.371301 0.015740 0.084972
0 0.461719 0.512500 0.020313 0.089815
1 0.458073 0.679630 0.011979 0.025926
0 0.744010 0.311574 0.016146 0.056481
0 0.086979 0.701389 0.044792 0.095370
0 0.085677 0.587037 0.039062 0.100000
0 0.226823 0.295370 0.017188 0.044444
0 0.579688 0.493981 0.021875 0.086111
0 0.133073 0.485648 0.023438 0.093519
0 0.247656 0.395370 0.033854 0.075926
0 0.904687 0.547222 0.022917 0.087037
0 0.817708 0.440741 0.021875 0.072222
0 0.178906 0.507407 0.029687 0.090741
0 0.850781 0.432870 0.021354 0.075000
0 0.489583 0.516667 0.022917 0.083333
