0 0.249219 0.373611 0.019271 0.076852
0 0.710417 0.354630 0.015625 0.062963
0 0.744010 0.487500 0.017188 0.080556
1 0.301565 0.402519 0.008391 0.013000
0 0.493490 0.750926 0.024479 0.142593
0 0.454688 0.765741 0.026042 0.122222
0 0.590885 0.501389 0.022396 0.100926
0 0.285938 0.488426 0.021875 0.099074
0 0.314323 0.336806 0.011979 0.063426
0 0.623698 0.400463 0.014063 0.075000
0 0.610349 0.394370 0.013542 0.069407
0 0.959643 0.394259 0.010745 0.068333
0 0.715885 0.450231 0.017188 0.088426
0 0.971589 0.390093 0.014115 0.076111
0 0.158854 0.539815 0.027083 0.081481
