0 0.426609 0.791741 0.026208 0.125537
0 0.623336 0.516977 0.017339 0.080694
0 0.673888 0.485801 0.018214 0.062472
0 0.831865 0.534421 0.020656 0.081602
0 0.734406 0.473375 0.017792 0.059009
0 0.638755 0.475940 0.015500 0.072250
0 0.515435 0.413977 0.014734 0.053491
1 0.642865 0.484616 0.005823 0.008843
0 0.201362 0.606153 0.018328 0.097583
0 0.579240 0.541963 0.017823 0.082296
0 0.657021 0.574634 0.021521 0.091398
0 0.788875 0.555810 0.016250 0.088102
0 0.341393 0.540250 0.018255 0.085278
0 0.268281 0.594981 0.027792 0.099685
0 0.969784 0.589463 0.022109 0.102037
0 0.011682 0.787875 0.023365 0.127120
0 0.545208 0.480222 0.018281 0.061333
