0 0.068388 0.334287 0.016932 0.087148
0 0.734581 0.362940 0.019536 0.082602
0 0.109839 0.330431 0.015885 0.077898
0 0.714552 0.594569 0.033792 0.132620
1 0.515289 0.482968 0.006349 0.013565
0 0.989370 0.629769 0.020604 0.158611
0 0.805034 0.967259 0.068849 0.063148
0 0.643190 0.931213 0.042943 0.133444
0 0.096503 0.227199 0.011807 0.073917
0 0.520786 0.293630 0.017271 0.077796
0 0.977563 0.635639 0.042854 0.161019
0 0.510698 0.309727 0.015323 0.081972
0 0.524570 0.560074 0.022724 0.121759
0 0.772544 0.469046 0.027078 0.115370
0 0.430021 0.675630 0.026854 0.160315
0 0.193094 0.477657 0.019906 0.105833
0 0.560464 0.437213 0.030635 0.107852
0 0.515734 0.450222 0.019167 0.103963
0 0.176766 0.410329 0.027073 0.099546
