0 0.342492 0.318454 0.021422 0.075167
0 0.789997 0.327713 0.024016 0.082074
0 0.302120 0.324102 0.015729 0.083019
0 0.527826 0.322792 0.019380 0.080287
0 0.471586 0.319486 0.018182 0.077898
0 0.496281 0.288037 0.016750 0.073704
0 0.069393 0.332037 0.018411 0.060537
1 0.523096 0.291819 0.007328 0.012306
1 0.495727 0.317921 0.010443 0.012750
0 0.597271 0.391278 0.028042 0.093204
0 0.148917 0.428792 0.020490 0.107750
0 0.059557 0.587634 0.037865 0.142676
0 0.635656 0.399403 0.024875 0.097787
0 0.522797 0.466481 0.022479 0.111407
0 0.375365 0.393968 0.018646 0.086694
0 0.065917 0.389583 0.022562 0.094148
0 0.842701 0.862352 0.036943 0.189889
