1 0.822505 0.521083 0.010385 0.015778
0 0.853055 0.252745 0.017109 0.059824
0 0.710857 0.596773 0.025516 0.105065
0 0.472703 0.763778 0.048979 0.152704
0 0.365935 0.246037 0.020182 0.057556
0 0.037159 0.238250 0.017724 0.055852
0 0.106120 0.394361 0.021521 0.085593
0 0.643930 0.367995 0.031005 0.082880
0 0.337206 0.335731 0.014526 0.072278
0 0.265339 0.213171 0.011969 0.055676
0 0.218370 0.757259 0.034146 0.151148
0 0.009922 0.211764 0.012958 0.048583
0 0.055367 0.586231 0.036380 0.126519
0 0.446120 0.332171 0.020313 0.072213
0 0.182818 0.874190 0.058594 0.174731
0 0.791802 0.505236 0.035292 0.102435
0 0.803229 0.546148 0.027719 0.105889
