0 0.257359 0.380204 0.018531 0.121093
0 0.200747 0.421903 0.020839 0.133750
0 0.562927 0.538560 0.036792 0.164361
0 0.137898 0.496014 0.029411 0.149287
0 0.585497 0.511065 0.024443 0.150648
0 0.958875 0.381019 0.026344 0.124685
0 0.545500 0.443676 0.026823 0.138685
0 0.806076 0.393898 0.023849 0.125574
0 0.790784 0.449903 0.026380 0.091083
0 0.782732 0.391296 0.024359 0.112352
0 0.758367 0.450495 0.031328 0.091454
0 0.193432 0.376125 0.018010 0.071935
0 0.904578 0.356204 0.016875 0.108889
0 0.805794 0.333620 0.021474 0.046241
0 0.997490 0.486519 0.005021 0.120037
1 0.297089 0.263935 0.007990 0.011296
1 0.314714 0.254079 0.007719 0.012528
1 0.120000 0.265366 0.010229 0.014843
0 0.833609 0.419815 0.024906 0.135907
0 0.639987 0.447653 0.028193 0.129972
0 0.943047 0.469310 0.030625 0.139676
0 0.177852 0.589356 0.030922 0.174120
0 0.465674 0.439773 0.021672 0.134176
