0 0.018857 0.456565 0.031516 0.130889
0 0.127719 0.942426 0.067323 0.114148
0 0.531872 0.531769 0.036536 0.141222
0 0.325794 0.228741 0.018318 0.090704
0 0.892135 0.090926 0.012302 0.060148
0 0.593346 0.504426 0.035172 0.140481
0 0.017927 0.388519 0.032104 0.055907
0 0.513622 0.035125 0.017255 0.053583
0 0.493568 0.214056 0.025448 0.090444
0 0.431208 0.312227 0.027146 0.109750
0 0.012747 0.637032 0.025495 0.155528
0 0.387844 0.319176 0.020010 0.114093
0 0.702060 0.207546 0.019745 0.089926
0 0.451221 0.502005 0.034714 0.142231
0 0.543878 0.081755 0.018276 0.062528
0 0.882724 0.386023 0.043260 0.109713
0 0.365646 0.151593 0.017792 0.078111
1 0.785086 0.374898 0.010297 0.016667
0 0.590836 0.411269 0.028859 0.082333
0 0.996547 0.203421 0.006906 0.092028
0 0.804440 0.349083 0.025964 0.095611
