0 0.871445 0.453935 0.033568 0.123778
0 0.176268 0.612935 0.039911 0.134167
0 0.239354 0.444514 0.040500 0.110046
0 0.831875 0.348398 0.023667 0.095926
0 0.835060 0.241449 0.035911 0.067546
0 0.869578 0.374227 0.019677 0.080454
0 0.469185 0.317074 0.022005 0.103426
0 0.836411 0.165361 0.014979 0.067556
1 0.644427 0.393458 0.008313 0.014417
1 0.985997 0.190722 0.006839 0.009722
0 0.338917 0.379079 0.020927 0.118324
0 0.322906 0.518889 0.030760 0.120611
0 0.273755 0.875333 0.065615 0.196593
0 0.561216 0.433449 0.035891 0.124583
0 0.086424 0.461514 0.027234 0.123009
0 0.636813 0.346477 0.025542 0.110843
0 0.924948 0.356620 0.021010 0.106130
0 0.778711 0.270431 0.035901 0.087694
0 0.900911 0.352630 0.021896 0.110648
0 0.036865 0.288560 0.018979 0.101917
0 0.410669 0.357366 0.034797 0.112343
