0 0.718250 0.357481 0.021125 0.081000
0 0.686544 0.568139 0.023401 0.114000
0 0.365161 0.381389 0.016229 0.089981
0 0.103591 0.376148 0.019922 0.088870
0 0.789154 0.306347 0.015464 0.070065
0 0.552117 0.330454 0.017255 0.073056
0 0.699570 0.261333 0.012797 0.056074
0 0.202143 0.312944 0.015005 0.072333
0 0.525224 0.288782 0.014458 0.062009
0 0.494911 0.392005 0.018510 0.084750
0 0.356552 0.331472 0.016896 0.069981
0 0.712893 0.286722 0.014505 0.060537
0 0.514424 0.223782 0.017380 0.044194
0 0.112831 0.224907 0.016172 0.058444
1 0.450044 0.285194 0.007151 0.011407
0 0.975846 0.514796 0.037755 0.117056
0 0.637734 0.414144 0.024427 0.090731
0 0.331211 0.491440 0.024453 0.105861
0 0.380435 0.457088 0.020505 0.096139
0 0.607917 0.366426 0.025104 0.079315
