0 0.430891 0.234468 0.013688 0.058880
1 0.269641 0.295403 0.005677 0.009565
0 0.726997 0.299875 0.013714 0.079917
0 0.545703 0.479370 0.022927 0.108259
0 0.349513 0.381000 0.028807 0.093741
0 0.451031 0.289125 0.021031 0.072769
0 0.537049 0.331653 0.019109 0.084676
0 0.201271 0.432690 0.028062 0.104491
0 0.681852 0.319769 0.016880 0.083370
0 0.820977 0.357546 0.018161 0.094111
0 0.569807 0.353759 0.016396 0.086222
0 0.318674 0.333574 0.018214 0.087148
0 0.412802 0.266241 0.016531 0.051407
0 0.577232 0.267019 0.014130 0.060519
0 0.466021 0.270315 0.011969 0.067444
0 0.263216 0.267676 0.013047 0.066852
0 0.743708 0.510639 0.021135 0.115222
