0 0.779409 0.328968 0.030130 0.121176
1 0.643320 0.585046 0.017339 0.026593
0 0.769182 0.219796 0.028312 0.122000
0 0.506458 0.525097 0.045990 0.174583
0 0.834719 0.561657 0.051823 0.173500
0 0.053440 0.569491 0.036953 0.180037
0 0.538680 0.621009 0.041901 0.199926
0 0.361005 0.382870 0.034906 0.152296
0 0.504883 0.301032 0.030318 0.146398
0 0.594312 0.546139 0.044687 0.159944
0 0.986036 0.224366 0.027927 0.118731
0 0.634333 0.496481 0.042833 0.149259
0 0.984294 0.376727 0.030422 0.154176
0 0.599370 0.333731 0.036250 0.152426
0 0.137771 0.209167 0.024948 0.114704
