0 0.373885 0.339028 0.018083 0.092685
0 0.652648 0.302264 0.019516 0.085954
0 0.177609 0.414009 0.017927 0.095370
0 0.161617 0.356866 0.018026 0.067435
0 0.065523 0.376657 0.030224 0.092852
0 0.151852 0.402593 0.019964 0.091796
0 0.241953 0.401023 0.017479 0.094065
0 0.632766 0.313532 0.021740 0.085472
0 0.824133 0.362245 0.016776 0.103287
0 0.325102 0.485708 0.022859 0.112769
0 0.331745 0.347111 0.019385 0.084833
0 0.745380 0.492144 0.020292 0.125398
0 0.128378 0.343912 0.013214 0.072898
0 0.375229 0.284755 0.018208 0.039120
