0 0.388284 0.225481 0.015203 0.078704
0 0.207195 0.191819 0.014193 0.068787
0 0.510445 0.244736 0.026036 0.044991
0 0.371404 0.232727 0.015182 0.052213
0 0.996297 0.281407 0.007302 0.100704
0 0.433500 0.155958 0.014010 0.061083
0 0.363391 0.364384 0.031240 0.104769
0 0.310651 0.159963 0.023073 0.057667
0 0.451427 0.218472 0.022781 0.073704
0 0.135284 0.350435 0.021870 0.107370
0 0.597146 0.165019 0.021667 0.064389
0 0.243255 0.416907 0.027667 0.120556
0 0.831839 0.238102 0.022615 0.090630
0 0.552104 0.246093 0.021906 0.087963
0 0.185023 0.251125 0.017161 0.089139
0 0.742753 0.238616 0.018703 0.089194
0 0.934836 0.203273 0.017870 0.072083
