0 0.464341 0.305403 0.013870 0.083657
0 0.194573 0.413787 0.027083 0.106278
0 0.358938 0.355162 0.021292 0.092361
0 0.881794 0.337231 0.016943 0.092426
0 0.443055 0.308153 0.020349 0.085898
0 0.874141 0.449005 0.021260 0.112509
1 0.606602 0.248194 0.004380 0.010296
0 0.161352 0.427708 0.031526 0.111120
0 0.297307 0.263866 0.015490 0.039546
0 0.612727 0.260755 0.017714 0.073194
0 0.295036 0.309199 0.014479 0.080787
0 0.818284 0.289713 0.013901 0.083741
0 0.329013 0.355171 0.019193 0.086343
0 0.274128 0.311736 0.015849 0.079528
0 0.255185 0.281245 0.017422 0.072806
0 0.566086 0.357310 0.017682 0.091324
0 0.798346 0.289718 0.015922 0.081657
0 0.312393 0.284764 0.015474 0.075583
0 0.537057 0.330671 0.016615 0.078213
