0 0.439352 0.461347 0.019141 0.098935
0 0.171719 0.374958 0.021844 0.070157
0 0.808924 0.306287 0.019276 0.065796
0 0.635146 0.425838 0.022208 0.076917
0 0.644326 0.369250 0.021339 0.078037
0 0.502219 0.394907 0.015833 0.080500
0 0.660297 0.391444 0.023750 0.085722
0 0.812029 0.469986 0.021557 0.099713
0 0.266034 0.507745 0.028297 0.122287
0 0.717255 0.345565 0.016948 0.072907
0 0.791273 0.426130 0.019880 0.084130
0 0.690451 0.419676 0.023734 0.086852
0 0.468008 0.396676 0.018839 0.091019
0 0.401271 0.419426 0.030094 0.099537
0 0.489378 0.432491 0.028974 0.090278
0 0.574745 0.407949 0.018604 0.084602
0 0.922062 0.583162 0.031771 0.118954
