0 0.262815 0.386287 0.018536 0.128241
0 0.816867 0.376231 0.025536 0.126278
0 0.629674 0.308134 0.033651 0.108176
0 0.230792 0.414819 0.027740 0.136639
0 0.573977 0.431833 0.030151 0.124963
0 0.093698 0.375352 0.028167 0.115667
0 0.975138 0.471093 0.042672 0.146944
0 0.608995 0.451528 0.026667 0.141148
0 0.572578 0.185940 0.016469 0.079824
0 0.727932 0.227602 0.020250 0.091741
0 0.116971 0.211718 0.019005 0.088472
0 0.511125 0.505134 0.031417 0.141935
0 0.178651 0.405273 0.036677 0.112991
0 0.200049 0.632440 0.032870 0.178324
0 0.821221 0.291958 0.022130 0.084324
1 0.383844 0.342463 0.010510 0.016593
0 0.503292 0.434685 0.026885 0.064500
