0 0.332612 0.310676 0.022766 0.094037
0 0.549620 0.631889 0.032094 0.136704
0 0.575016 0.366667 0.030875 0.085130
0 0.788711 0.428236 0.020943 0.112398
0 0.809927 0.390088 0.019958 0.107620
0 0.709323 0.374310 0.024083 0.094991
0 0.271531 0.578319 0.027042 0.120324
0 0.280714 0.695574 0.043990 0.154019
0 0.731458 0.298995 0.032010 0.077843
0 0.675453 0.352713 0.024354 0.090593
0 0.838370 0.343120 0.019385 0.097111
0 0.329909 0.564310 0.036578 0.134287
0 0.774182 0.287944 0.022646 0.068926
0 0.794034 0.318287 0.026203 0.070093
0 0.642560 0.338199 0.023807 0.094139
0 0.628607 0.340630 0.024141 0.097037
0 0.693805 0.337574 0.022505 0.106019
0 0.825755 0.310500 0.017990 0.065241
1 0.384565 0.537634 0.017068 0.028306
