0 0.407943 0.194981 0.016177 0.070926
0 0.578203 0.605639 0.040958 0.167093
0 0.098945 0.185000 0.017297 0.078148
0 0.153130 0.198523 0.021844 0.071343
0 0.436755 0.221000 0.014812 0.083981
0 0.660323 0.171389 0.019750 0.075241
0 0.312737 0.202560 0.020526 0.072120
0 0.511414 0.235472 0.019307 0.093278
0 0.276458 0.270435 0.021906 0.100481
0 0.736315 0.241986 0.021682 0.094565
0 0.218776 0.245551 0.020667 0.100472
0 0.576159 0.360759 0.020630 0.107315
0 0.380734 0.146083 0.019219 0.063519
0 0.074745 0.146509 0.018354 0.074722
1 0.653880 0.201727 0.007229 0.012194
0 0.400635 0.165037 0.018521 0.071796
