0 0.278607 0.120593 0.020203 0.042815
0 0.298604 0.169653 0.021604 0.104843
0 0.470974 0.165023 0.020635 0.095009
0 0.685609 0.186926 0.021979 0.107796
0 0.907539 0.135741 0.022224 0.104315
0 0.351073 0.162657 0.023104 0.101833
0 0.418677 0.077250 0.021948 0.078759
0 0.782823 0.110824 0.019760 0.091259
0 0.826003 0.102681 0.019880 0.089102
0 0.373539 0.097718 0.019755 0.078472
0 0.583648 0.351301 0.029651 0.127639
0 0.341523 0.301792 0.037443 0.131065
0 0.599911 0.122500 0.020750 0.100963
0 0.612633 0.073486 0.016120 0.078676
0 0.004776 0.208856 0.009552 0.110324
0 0.271591 0.168769 0.020161 0.094333
1 0.520052 0.400037 0.015219 0.023537
