0 0.601711 0.244935 0.016943 0.077759
0 0.990953 0.382347 0.018094 0.118324
0 0.186872 0.315412 0.025474 0.036361
0 0.187883 0.387315 0.029047 0.116296
0 0.234479 0.348324 0.020229 0.106093
0 0.684643 0.332616 0.026797 0.106861
0 0.401089 0.320319 0.025229 0.096954
0 0.031409 0.352708 0.023005 0.105676
0 0.620508 0.379259 0.020953 0.111648
0 0.090477 0.374231 0.023099 0.115056
0 0.147367 0.436713 0.027964 0.124944
0 0.515669 0.321843 0.020557 0.103444
0 0.328872 0.326750 0.019714 0.104778
0 0.822680 0.356491 0.020693 0.108870
0 0.739638 0.263065 0.019776 0.085463
0 0.217628 0.341356 0.018422 0.107676
0 0.093156 0.303102 0.018052 0.063593
0 0.838042 0.386894 0.020427 0.124713
0 0.518560 0.254681 0.018984 0.057565
0 0.425706 0.204231 0.024786 0.075204
