0 0.609435 0.558532 0.031630 0.130213
0 0.241138 0.478718 0.017578 0.108324
0 0.205013 0.457588 0.016026 0.049880
0 0.205005 0.475829 0.015938 0.085269
1 0.866008 0.436343 0.008974 0.015111
0 0.241036 0.445528 0.017479 0.042963
0 0.346531 0.540264 0.026719 0.126620
0 0.077169 0.550694 0.024693 0.133778
0 0.582714 0.470546 0.021104 0.106833
0 0.891849 0.381634 0.019521 0.089880
0 0.139721 0.525769 0.020443 0.123000
0 0.386070 0.492981 0.018036 0.114778
0 0.201221 0.525741 0.024911 0.119444
0 0.251036 0.509366 0.023510 0.117269
0 0.164060 0.523079 0.018026 0.121880
0 0.222419 0.487412 0.019620 0.112417
0 0.108784 0.550898 0.026755 0.130056
0 0.180240 0.525194 0.019656 0.121815
0 0.575844 0.407171 0.018292 0.093231
0 0.121596 0.514778 0.021089 0.124019
0 0.597286 0.322213 0.019833 0.077296
