0 0.232534 0.492694 0.021641 0.109759
0 0.300414 0.350208 0.012984 0.054602
0 0.979453 0.469278 0.031375 0.102944
0 0.552052 0.489676 0.020240 0.106889
0 0.620008 0.374079 0.014203 0.069528
0 0.624815 0.352111 0.013901 0.069241
0 0.608026 0.389421 0.018760 0.091231
0 0.295646 0.376653 0.013500 0.065528
0 0.766953 0.368912 0.012719 0.070324
0 0.525060 0.353278 0.016568 0.067074
0 0.637680 0.355505 0.012349 0.064454
0 0.751844 0.372935 0.017990 0.069685
0 0.550365 0.405324 0.015229 0.071352
0 0.830786 0.402056 0.020344 0.070389
0 0.344341 0.377556 0.012953 0.063944
0 0.636716 0.423806 0.018703 0.082907
0 0.432977 0.600963 0.030661 0.128352
