0 0.356003 0.378731 0.020703 0.094574
0 0.456893 0.350278 0.020328 0.085815
0 0.729310 0.411491 0.021786 0.104259
0 0.492081 0.402097 0.032276 0.094046
0 0.285052 0.405250 0.026292 0.097463
0 0.649229 0.328449 0.020990 0.077528
0 0.343091 0.409745 0.018703 0.079046
0 0.310987 0.398801 0.019828 0.095880
0 0.638073 0.443662 0.025844 0.123176
0 0.494888 0.313500 0.022172 0.067537
0 0.004474 0.561083 0.008948 0.146463
0 0.990677 0.383162 0.018573 0.111324
0 0.646763 0.372523 0.014089 0.053824
1 0.491865 0.438944 0.007458 0.016000
0 0.046255 0.514569 0.031646 0.138102
0 0.344753 0.503972 0.025307 0.128204
0 0.319943 0.738644 0.042604 0.205250
0 0.847602 0.456144 0.029974 0.121454
0 0.657745 0.439653 0.024240 0.120306
