0 0.210076 0.460120 0.021484 0.101630
0 0.306734 0.460838 0.019177 0.104361
0 0.735339 0.586440 0.038729 0.156769
0 0.129638 0.532981 0.025245 0.105796
0 0.400745 0.570769 0.031563 0.139667
0 0.570411 0.479477 0.019323 0.115213
0 0.016987 0.470917 0.020620 0.058093
0 0.455174 0.377144 0.021964 0.080102
0 0.022003 0.542787 0.020797 0.158944
1 0.226893 0.430403 0.006599 0.011509
0 0.394437 0.391389 0.013781 0.043685
0 0.444255 0.436319 0.022219 0.100343
0 0.673117 0.463611 0.030516 0.112500
0 0.008591 0.541454 0.016974 0.136778
0 0.783260 0.376204 0.020500 0.083296
0 0.395456 0.444968 0.025651 0.101250
0 0.356758 0.559847 0.043234 0.140898
0 0.721435 0.406704 0.024401 0.098333
0 0.090052 0.478574 0.029208 0.124241
0 0.038432 0.578412 0.028792 0.131269
