0 0.260211 0.497259 0.044984 0.172185
0 0.191943 0.231134 0.027156 0.113083
0 0.224029 0.214690 0.025380 0.115639
0 0.295029 0.405815 0.036464 0.160463
0 0.533201 0.497856 0.043578 0.194287
0 0.574943 0.071940 0.018479 0.066306
0 0.566766 0.520366 0.049906 0.173009
0 0.990810 0.366282 0.018349 0.122806
0 0.239422 0.459671 0.051635 0.150991
0 0.407021 0.523708 0.060792 0.169435
0 0.390193 0.619782 0.048344 0.212213
0 0.390052 0.662329 0.047812 0.125769
1 0.521263 0.499449 0.013276 0.025676
0 0.152615 0.422796 0.058844 0.151352
0 0.819815 0.324685 0.032797 0.157741
0 0.078570 0.523481 0.041859 0.189593
