0 0.144768 0.429875 0.021151 0.100898
0 0.513490 0.535519 0.023052 0.136148
0 0.382633 0.510833 0.017307 0.124722
0 0.714510 0.416491 0.016562 0.096870
0 0.700250 0.417838 0.014167 0.096676
0 0.525549 0.474370 0.016057 0.116944
0 0.503271 0.486282 0.017344 0.115231
0 0.607510 0.428694 0.017344 0.073981
1 0.819672 0.570347 0.010646 0.020194
0 0.516951 0.468231 0.016995 0.103778
0 0.606961 0.442866 0.017932 0.103269
0 0.836255 0.524287 0.032177 0.134352
0 0.673208 0.536968 0.031406 0.137787
0 0.783924 0.395088 0.019505 0.094176
0 0.542258 0.465667 0.020276 0.107667
0 0.649992 0.434106 0.016391 0.098954
0 0.439398 0.519046 0.023786 0.130852
0 0.363573 0.520056 0.023438 0.133315
0 0.947565 0.509819 0.019880 0.125231
0 0.673706 0.432083 0.020120 0.102796
0 0.949060 0.349833 0.019266 0.074741
0 0.617432 0.479389 0.032156 0.126907
