0 0.716487 0.564866 0.021120 0.148102
0 0.596117 0.508505 0.024828 0.136843
0 0.596531 0.514208 0.026323 0.210398
0 0.714799 0.474528 0.026693 0.079796
0 0.687128 0.491477 0.019724 0.058806
0 0.763711 0.550847 0.025099 0.142120
0 0.059714 0.542481 0.026177 0.127259
0 0.338544 0.613884 0.030661 0.159472
0 0.369221 0.609125 0.030922 0.150787
0 0.612760 0.537412 0.023375 0.128213
0 0.358479 0.509065 0.021187 0.103148
0 0.452070 0.514815 0.022276 0.124370
0 0.497328 0.533245 0.031635 0.131639
0 0.095198 0.445634 0.017750 0.107713
0 0.431607 0.508880 0.027526 0.120815
0 0.696505 0.567454 0.026833 0.149019
0 0.734039 0.557722 0.025870 0.146500
0 0.588164 0.540731 0.025099 0.144833
0 0.506742 0.489995 0.020797 0.125731
0 0.472516 0.535907 0.026396 0.143519
