0 0.133898 0.457968 0.015151 0.094731
0 0.455690 0.432653 0.015172 0.097528
1 0.600049 0.395278 0.007182 0.009963
0 0.367563 0.431037 0.016427 0.091741
0 0.381745 0.438407 0.018156 0.099241
0 0.288596 0.472829 0.017630 0.099731
0 0.254375 0.445704 0.019177 0.099296
0 0.808755 0.454519 0.020354 0.113593
0 0.322362 0.435019 0.016005 0.064315
0 0.513552 0.458574 0.024448 0.110130
0 0.680414 0.449787 0.019464 0.103519
0 0.443326 0.437190 0.015578 0.089454
0 0.272807 0.475028 0.018562 0.106667
0 0.688052 0.381009 0.014583 0.075741
0 0.485487 0.459926 0.018453 0.110889
0 0.084031 0.544639 0.024833 0.131907
0 0.326086 0.509528 0.026234 0.116796
0 0.195003 0.441491 0.015828 0.091185
0 0.219234 0.454616 0.017406 0.103028
0 0.600237 0.360917 0.014859 0.067685
0 0.120323 0.457190 0.018240 0.095657
