0 0.711333 0.508926 0.021104 0.076556
0 0.317685 0.543444 0.019516 0.096407
0 0.123984 0.565273 0.020531 0.106120
1 0.287672 0.564213 0.007031 0.010944
0 0.454417 0.575301 0.021823 0.102694
0 0.917549 0.565120 0.025224 0.054759
0 0.711875 0.460940 0.014396 0.036565
0 0.262562 0.595736 0.024302 0.051176
0 0.827750 0.554977 0.033510 0.100583
0 0.920279 0.634981 0.028026 0.144259
0 0.649526 0.601838 0.022240 0.113250
0 0.980948 0.531634 0.020875 0.097287
0 0.429589 0.563250 0.019438 0.102389
0 0.274555 0.526125 0.027786 0.089565
0 0.254984 0.664097 0.027125 0.146009
0 0.957911 0.668171 0.032073 0.145713
0 0.674833 0.554935 0.020000 0.102815
