0 0.672471 0.499708 0.030505 0.106120
0 0.841135 0.474963 0.019375 0.093833
0 0.137682 0.430639 0.016656 0.089630
1 0.797841 0.474778 0.008120 0.013444
0 0.574573 0.413727 0.017438 0.052083
0 0.874255 0.387088 0.019490 0.067009
0 0.667547 0.433796 0.026469 0.071185
0 0.697135 0.619361 0.030333 0.148426
0 0.635810 0.476338 0.019859 0.100676
0 0.980922 0.642199 0.038094 0.150546
0 0.864893 0.447333 0.021266 0.084963
0 0.511513 0.476333 0.034839 0.104259
0 0.407490 0.554440 0.031021 0.136769
0 0.729154 0.469134 0.029589 0.090620
0 0.575250 0.470102 0.028750 0.105204
0 0.362417 0.496338 0.020083 0.114009
0 0.482826 0.457685 0.023724 0.111704
0 0.838977 0.426968 0.018891 0.035139
0 0.691635 0.426796 0.020583 0.073037
