0 0.790734 0.525856 0.027438 0.091120
0 0.502604 0.563565 0.021479 0.097574
0 0.608995 0.754023 0.035740 0.198769
1 0.013292 0.571810 0.007917 0.014213
0 0.645417 0.546481 0.018969 0.102593
0 0.097130 0.591750 0.044990 0.102704
0 0.363323 0.666769 0.025813 0.147148
0 0.841904 0.521801 0.019974 0.095769
0 0.537427 0.516782 0.027146 0.051620
1 0.334276 0.594824 0.015740 0.014278
0 0.608138 0.580139 0.027391 0.119648
0 0.384823 0.691227 0.038531 0.169509
0 0.543193 0.584111 0.025146 0.130611
0 0.158628 0.586032 0.022005 0.113880
0 0.255271 0.603523 0.040292 0.124398
0 0.625612 0.536579 0.024536 0.078269
0 0.425576 0.641060 0.033047 0.111528
0 0.931698 0.642741 0.026667 0.150167
