0 0.494557 0.427167 0.018521 0.078389
0 0.530724 0.472912 0.032958 0.110824
0 0.152859 0.497218 0.025792 0.101787
0 0.622260 0.407204 0.026750 0.096074
0 0.721602 0.539394 0.040141 0.135454
0 0.477651 0.431171 0.019063 0.099898
0 0.197313 0.414468 0.022823 0.064954
0 0.420151 0.487407 0.035240 0.106037
0 0.875133 0.436676 0.034266 0.108907
0 0.246070 0.400921 0.022516 0.079361
0 0.480560 0.370463 0.018818 0.048259
1 0.188510 0.442208 0.007708 0.010639
0 0.846052 0.406620 0.028542 0.093148
0 0.226443 0.436556 0.029531 0.076185
0 0.988177 0.444556 0.021458 0.094370
0 0.987940 0.539940 0.024120 0.146565
0 0.073701 0.450815 0.019339 0.091037
