0 0.066352 0.471958 0.030734 0.087565
0 0.719872 0.539704 0.021047 0.102741
0 0.110904 0.517815 0.025984 0.110944
0 0.910388 0.509481 0.018703 0.100241
0 0.532424 0.479514 0.017651 0.088546
0 0.825591 0.486981 0.019536 0.094019
0 0.492055 0.514824 0.022651 0.099444
0 0.569159 0.542042 0.024036 0.111028
0 0.324487 0.470491 0.020870 0.086630
0 0.687411 0.510412 0.023542 0.092824
0 0.345539 0.522426 0.024203 0.098611
0 0.650542 0.450153 0.016146 0.068176
0 0.668036 0.527537 0.026729 0.083426
0 0.271737 0.480227 0.027661 0.085250
0 0.708846 0.483486 0.015849 0.091935
0 0.332227 0.558866 0.043870 0.090620
1 0.394534 0.552181 0.009703 0.016176
0 0.014047 0.381648 0.016740 0.056574
0 0.407732 0.664852 0.039193 0.130167
0 0.882372 0.512398 0.022255 0.104556
0 0.688654 0.454102 0.018432 0.051185
