0 0.458518 0.552338 0.013307 0.075954
0 0.768378 0.507773 0.012995 0.064806
1 0.468969 0.507083 0.004063 0.007130
0 0.464372 0.460208 0.010891 0.035620
0 0.464401 0.503755 0.015187 0.068528
0 0.738128 0.476306 0.011641 0.033463
0 0.440982 0.443565 0.008057 0.037704
0 0.670013 0.462153 0.009807 0.027972
0 0.631953 0.487875 0.011792 0.041435
0 0.484763 0.457139 0.009380 0.057037
0 0.292646 0.451755 0.007802 0.042139
1 0.881263 0.776324 0.011724 0.018556
0 0.228456 0.467583 0.009745 0.050185
0 0.318279 0.479028 0.010391 0.053259
0 0.203112 0.487051 0.009880 0.056880
0 0.466169 0.615583 0.020099 0.050315
0 0.168102 0.523009 0.011974 0.066852
0 0.611333 0.485694 0.009813 0.047315
0 0.340427 0.497398 0.009990 0.056093
0 0.628195 0.520440 0.013401 0.059769
