0 0.511424 0.606167 0.030536 0.174463
0 0.475102 0.626088 0.048380 0.162639
0 0.329057 0.519690 0.028719 0.121972
0 0.114299 0.572477 0.037432 0.157861
0 0.152531 0.427634 0.019917 0.091361
0 0.082062 0.421204 0.018042 0.090500
0 0.579187 0.795426 0.068302 0.253111
0 0.627831 0.717745 0.058203 0.209935
0 0.569151 0.398356 0.019979 0.093898
0 0.955354 0.496435 0.027083 0.148111
1 0.597609 0.792407 0.016875 0.028463
0 0.226794 0.353722 0.015661 0.067907
0 0.323034 0.746398 0.091130 0.072185
0 0.995812 0.608292 0.008375 0.178713
0 0.616320 0.339028 0.017141 0.069741
0 0.033576 0.517935 0.038161 0.128611
0 0.745833 0.581940 0.036000 0.179602
