0 0.097318 0.402903 0.021240 0.111787
0 0.853042 0.406264 0.019229 0.102361
0 0.491146 0.444935 0.025406 0.116463
0 0.920427 0.429579 0.020333 0.116731
0 0.540784 0.393389 0.019818 0.103037
0 0.671870 0.376125 0.017917 0.093546
0 0.416669 0.465718 0.026911 0.131454
0 0.169258 0.524338 0.037141 0.152676
0 0.746164 0.360644 0.019589 0.087528
0 0.218594 0.397773 0.022385 0.098231
0 0.033719 0.536144 0.047135 0.158843
0 0.473214 0.411162 0.015833 0.048731
0 0.394904 0.405713 0.025766 0.045037
0 0.393315 0.368176 0.023495 0.094870
1 0.376120 0.397741 0.008656 0.012963
0 0.418708 0.634449 0.034563 0.189639
