0 0.304682 0.534255 0.049906 0.125583
0 0.469740 0.343648 0.020927 0.095944
0 0.585883 0.584968 0.063411 0.154657
0 0.426198 0.591444 0.042958 0.139074
0 0.142529 0.547875 0.042891 0.140194
0 0.632893 0.522208 0.035411 0.149917
0 0.491536 0.383708 0.023031 0.113324
0 0.607336 0.338005 0.018589 0.095657
0 0.805896 0.502694 0.030854 0.136296
0 0.194253 0.397500 0.023714 0.107333
0 0.972089 0.423639 0.031615 0.130963
0 0.716945 0.320583 0.016036 0.090222
0 0.543409 0.303630 0.021891 0.086981
0 0.678266 0.592023 0.058135 0.166713
0 0.560659 0.297153 0.014547 0.082269
0 0.403776 0.433352 0.037969 0.109667
