1 0.663286 0.304514 0.011135 0.017583
0 0.527917 0.559773 0.025500 0.104769
0 0.640586 0.596000 0.026068 0.122463
1 0.093000 0.229014 0.006125 0.010954
0 0.003471 0.394116 0.006891 0.053639
0 0.348560 0.459000 0.012641 0.074130
0 0.067391 0.456477 0.015510 0.070417
0 0.336146 0.563324 0.018063 0.111537
0 0.581333 0.564065 0.021927 0.108148
0 0.572451 0.649477 0.027234 0.135324
0 0.087245 0.734329 0.048781 0.171269
0 0.246544 0.520829 0.019016 0.088065
0 0.360328 0.494361 0.015573 0.089833
0 0.529211 0.448764 0.015609 0.065917
0 0.603966 0.568528 0.023214 0.111815
0 0.432534 0.585468 0.022005 0.111120
0 0.713987 0.642722 0.038141 0.138537
0 0.309273 0.565750 0.024557 0.114333
0 0.725687 0.535412 0.030177 0.099713
0 0.097120 0.579912 0.025479 0.130287
