0 0.203846 0.314171 0.010432 0.043176
0 0.988922 0.553259 0.021104 0.122093
1 0.871214 0.786208 0.015833 0.029546
0 0.796518 0.397630 0.017255 0.075759
0 0.653477 0.441731 0.014672 0.083907
0 0.973852 0.465162 0.019568 0.050972
1 0.263771 0.617968 0.012250 0.020361
0 0.349276 0.443523 0.020000 0.088824
0 0.555622 0.470384 0.019620 0.096694
0 0.480596 0.436769 0.015839 0.090074
0 0.740875 0.385019 0.013062 0.072444
0 0.230247 0.393259 0.012141 0.072426
0 0.852620 0.468588 0.018396 0.094065
0 0.434076 0.531407 0.021453 0.117074
0 0.721497 0.597458 0.025922 0.141269
0 0.243945 0.464338 0.019786 0.105065
0 0.045456 0.538944 0.018870 0.129741
0 0.885784 0.451176 0.022453 0.095074
0 0.609768 0.436111 0.017589 0.090870
0 0.736831 0.492819 0.022755 0.110583
0 0.523294 0.538431 0.020766 0.120843
0 0.251633 0.659537 0.032234 0.171333
0 0.028232 0.556500 0.030599 0.136093
0 0.972570 0.556273 0.021120 0.132713
