0 0.288125 0.585736 0.044885 0.115861
0 0.824604 0.568287 0.021146 0.124056
0 0.457497 0.471741 0.019682 0.096315
0 0.476633 0.504588 0.029536 0.076287
0 0.622216 0.465991 0.018339 0.095204
0 0.890523 0.605898 0.022891 0.145426
0 0.033492 0.480602 0.021880 0.099093
0 0.330409 0.507532 0.022568 0.097380
0 0.711703 0.505125 0.021615 0.108509
0 0.150542 0.507542 0.017927 0.102491
0 0.174742 0.508579 0.018651 0.088898
0 0.564346 0.489394 0.019464 0.100065
0 0.088107 0.483917 0.019349 0.079907
1 0.437336 0.537537 0.010641 0.016907
1 0.013172 0.472995 0.006385 0.013454
0 0.400714 0.464407 0.019531 0.096222
0 0.073180 0.471375 0.021089 0.099324
0 0.576120 0.465079 0.017479 0.089231
0 0.504701 0.503926 0.025599 0.089093
