0 0.750846 0.449296 0.030099 0.137500
0 0.740888 0.385972 0.019026 0.100556
0 0.852932 0.347157 0.021219 0.108944
0 0.172440 0.458315 0.030901 0.154352
0 0.586273 0.395708 0.023026 0.116713
0 0.760544 0.306884 0.016766 0.091324
0 0.691789 0.372843 0.019724 0.109611
0 0.671396 0.453833 0.029948 0.106741
0 0.888487 0.311134 0.016818 0.089435
0 0.262875 0.335352 0.021229 0.100241
0 0.259031 0.477713 0.039698 0.148981
0 0.660339 0.563676 0.035531 0.176759
0 0.341076 0.479282 0.039589 0.162046
0 0.993589 0.427662 0.012823 0.120824
0 0.464440 0.730597 0.046224 0.229046
0 0.944753 0.373454 0.023693 0.113204
0 0.856471 0.527741 0.056849 0.158630
0 0.992719 0.341426 0.014563 0.100148
0 0.085404 0.230708 0.013714 0.059028
1 0.488198 0.392986 0.018396 0.021120
