0 0.657523 0.461769 0.023505 0.110519
1 0.387604 0.616069 0.014313 0.022250
0 0.863995 0.618306 0.037563 0.145778
0 0.323469 0.632375 0.036781 0.124583
0 0.554292 0.537130 0.025000 0.109870
0 0.117604 0.475074 0.018781 0.103519
0 0.964398 0.568773 0.030859 0.125472
0 0.410289 0.375005 0.013068 0.066102
0 0.941448 0.495745 0.025458 0.104380
0 0.183643 0.632648 0.031578 0.109333
0 0.897695 0.610204 0.024922 0.141167
0 0.088073 0.499625 0.032250 0.103694
0 0.800552 0.501806 0.025677 0.110630
0 0.421232 0.567162 0.040922 0.128713
0 0.357331 0.492806 0.029651 0.096519
0 0.452125 0.537361 0.031740 0.118907
0 0.895083 0.417398 0.015771 0.071370
0 0.240237 0.385778 0.015651 0.077500
0 0.468443 0.521782 0.020021 0.126398
