0 0.184221 0.377296 0.030943 0.137370
0 0.255872 0.388255 0.026557 0.141583
0 0.599523 0.376796 0.028651 0.142222
0 0.716940 0.392574 0.034078 0.151963
0 0.317625 0.334736 0.024427 0.122417
0 0.646990 0.476157 0.035229 0.179426
0 0.671047 0.422079 0.029677 0.155380
0 0.331435 0.304412 0.024443 0.113028
1 0.321815 0.280741 0.008318 0.014574
0 0.877591 0.417583 0.029661 0.167352
0 0.842586 0.343528 0.016161 0.061111
0 0.847107 0.437986 0.039318 0.179861
0 0.358565 0.411009 0.027370 0.166148
0 0.134964 0.322370 0.023510 0.120111
0 0.972029 0.441333 0.032391 0.166722
