0 0.121375 0.591102 0.024302 0.132741
0 0.269341 0.445894 0.023682 0.085806
1 0.724484 0.407204 0.007135 0.013889
0 0.481318 0.728699 0.027740 0.155287
0 0.357417 0.591861 0.024906 0.123796
0 0.776010 0.593713 0.031896 0.136815
0 0.203089 0.494389 0.024500 0.111667
0 0.302906 0.531111 0.019042 0.131370
0 0.553786 0.441310 0.021854 0.112435
0 0.529518 0.674722 0.036641 0.160759
0 0.278250 0.530972 0.023240 0.122093
0 0.565729 0.387167 0.022896 0.094241
0 0.346146 0.429667 0.022542 0.110037
0 0.262336 0.535907 0.015828 0.121037
