0 0.451008 0.324208 0.016630 0.048954
0 0.644964 0.394708 0.018844 0.086250
1 0.320760 0.333060 0.006906 0.012676
0 0.644841 0.336403 0.015703 0.058769
0 0.481201 0.355944 0.018891 0.084185
0 0.389948 0.384347 0.023583 0.085306
0 0.061302 0.425148 0.023125 0.093407
0 0.718174 0.320810 0.013349 0.080694
0 0.795737 0.549657 0.021839 0.114796
0 0.629435 0.276787 0.014620 0.069167
0 0.159846 0.415843 0.018766 0.084944
0 0.951115 0.367537 0.019042 0.092519
0 0.014555 0.665843 0.029109 0.141148
0 0.272497 0.690690 0.037078 0.139361
0 0.185292 0.327898 0.015271 0.067741
0 0.567620 0.311065 0.012635 0.073222
0 0.995284 0.396398 0.009432 0.094833
0 0.652893 0.312773 0.018359 0.095602
