0 0.619719 0.693093 0.027010 0.160722
1 0.363289 0.292125 0.007349 0.012806
0 0.622432 0.308329 0.013135 0.094750
0 0.940690 0.323380 0.019651 0.091315
0 0.349039 0.395514 0.015057 0.094583
0 0.359029 0.374981 0.020036 0.095500
1 0.185195 0.303694 0.009349 0.017630
0 0.792138 0.434880 0.021964 0.118130
0 0.357576 0.301458 0.017193 0.081269
0 0.639716 0.717412 0.036786 0.165380
0 0.709255 0.341551 0.015885 0.099769
0 0.599703 0.318565 0.019375 0.092630
0 0.070602 0.648736 0.033682 0.165083
0 0.551557 0.336481 0.027187 0.088019
0 0.475839 0.375125 0.021479 0.106769
0 0.659169 0.384778 0.018547 0.104056
0 0.879542 0.315190 0.017240 0.094620
0 0.969562 0.539662 0.029542 0.136861
