0 0.994617 0.258866 0.010766 0.093546
0 0.763799 0.357750 0.027901 0.108444
0 0.374289 0.383157 0.025943 0.099481
0 0.847617 0.210116 0.016484 0.079157
0 0.755242 0.184361 0.017359 0.074352
0 0.329703 0.310333 0.022240 0.090481
0 0.633885 0.326926 0.020104 0.092722
0 0.924734 0.234648 0.018771 0.089389
0 0.721867 0.332454 0.022630 0.093926
0 0.735055 0.270889 0.019193 0.089981
0 0.802237 0.614250 0.039536 0.151648
0 0.555432 0.208648 0.015000 0.081574
0 0.718099 0.235264 0.016385 0.079880
0 0.081315 0.215352 0.017547 0.078148
0 0.293513 0.230722 0.016328 0.078611
0 0.457956 0.302227 0.024672 0.103861
0 0.100021 0.313319 0.019635 0.098843
0 0.233539 0.416681 0.026984 0.109676
0 0.689260 0.278579 0.020031 0.087250
0 0.965586 0.511472 0.033339 0.117204
1 0.261372 0.441259 0.009839 0.015833
1 0.058857 0.243620 0.006443 0.011574
