0 0.328094 0.554759 0.019427 0.094148
0 0.206706 0.533597 0.020245 0.092102
0 0.196089 0.635282 0.020573 0.108620
1 0.070299 0.480801 0.007370 0.014398
0 0.002961 0.555060 0.005807 0.048546
0 0.159461 0.518551 0.017005 0.077454
0 0.178641 0.555093 0.016563 0.083500
0 0.046284 0.584926 0.019682 0.091907
0 0.275518 0.544106 0.017880 0.088083
0 0.228198 0.560889 0.019125 0.094315
0 0.258206 0.565852 0.016901 0.094537
0 0.074641 0.714968 0.027729 0.116972
0 0.303826 0.533745 0.017245 0.092843
0 0.491422 0.555611 0.021073 0.096944
0 0.155174 0.549676 0.020859 0.087963
