0 0.571865 0.458944 0.017469 0.058685
0 0.133268 0.557667 0.028839 0.102056
1 0.299930 0.396852 0.006870 0.011907
0 0.501224 0.568537 0.025177 0.114056
0 0.237299 0.498000 0.019859 0.090130
0 0.113216 0.477806 0.017057 0.081815
0 0.630823 0.534144 0.026396 0.105120
0 0.701125 0.541838 0.018698 0.108917
0 0.450049 0.533620 0.018630 0.090648
0 0.724417 0.476750 0.017302 0.090037
0 0.283711 0.492241 0.017620 0.089259
0 0.523568 0.502218 0.020740 0.092324
0 0.318458 0.544486 0.017771 0.099769
0 0.667859 0.505898 0.014313 0.094130
0 0.569922 0.523236 0.021458 0.099120
0 0.752714 0.455926 0.014615 0.093148
0 0.555964 0.544505 0.021479 0.102491
0 0.497695 0.510500 0.022547 0.044278
0 0.649979 0.508370 0.023219 0.103704
0 0.641784 0.453796 0.024057 0.033296
