0 0.169026 0.402995 0.023885 0.117472
0 0.271508 0.325000 0.023964 0.091926
0 0.986466 0.695671 0.026682 0.167361
1 0.663271 0.376810 0.008917 0.015361
0 0.511068 0.364111 0.025094 0.101722
0 0.304471 0.411662 0.022224 0.116009
0 0.491339 0.456880 0.030292 0.148481
0 0.560370 0.361417 0.036104 0.110685
0 0.185521 0.537727 0.030948 0.147231
1 0.797094 0.261597 0.008865 0.014565
0 0.938294 0.409083 0.037599 0.134278
0 0.794177 0.484875 0.048458 0.143824
0 0.883755 0.673523 0.037500 0.169324
0 0.914424 0.524944 0.039036 0.138130
0 0.227076 0.387986 0.020505 0.112065
0 0.193745 0.593759 0.042875 0.143093
