0 0.238289 0.433745 0.024516 0.082454
0 0.001898 0.411019 0.003776 0.073833
0 0.545404 0.574639 0.025234 0.107204
0 0.985711 0.575773 0.028557 0.112287
0 0.254982 0.378454 0.017693 0.069481
0 0.214471 0.468755 0.024578 0.091157
0 0.108130 0.525282 0.024510 0.094991
0 0.881753 0.382292 0.026964 0.069361
0 0.713938 0.418782 0.017062 0.083472
0 0.609187 0.444403 0.023635 0.082176
0 0.116859 0.318796 0.020885 0.053278
0 0.091737 0.262894 0.019089 0.048565
0 0.681799 0.303463 0.017859 0.060056
0 0.052380 0.339060 0.018812 0.057083
0 0.262497 0.261250 0.015307 0.064296
0 0.174018 0.275676 0.027130 0.060037
1 0.645956 0.257236 0.007276 0.014657
0 0.403719 0.379106 0.026073 0.059898
0 0.614828 0.307727 0.016708 0.060102
