0 0.170479 0.390532 0.015135 0.059620
0 0.886729 0.514111 0.016854 0.091000
0 0.546029 0.497273 0.016703 0.077898
0 0.959503 0.668134 0.023464 0.116139
1 0.197117 0.411815 0.004755 0.010185
0 0.535305 0.340671 0.015734 0.053602
0 0.586141 0.389093 0.016885 0.058426
0 0.277750 0.416509 0.019000 0.058815
0 0.519659 0.409514 0.019141 0.057731
0 0.556721 0.362042 0.012276 0.055102
0 0.727620 0.423736 0.015292 0.069472
0 0.750667 0.424227 0.013917 0.074620
0 0.615294 0.486250 0.017151 0.087685
0 0.589888 0.623532 0.025349 0.104935
0 0.884740 0.667796 0.025510 0.123907
0 0.385638 0.481875 0.021547 0.082546
0 0.643859 0.390403 0.014146 0.068454
0 0.245539 0.470630 0.021526 0.075278
