0 0.991180 0.546801 0.017641 0.102880
0 0.695000 0.539662 0.018854 0.082602
1 0.133185 0.643565 0.008057 0.013889
0 0.316760 0.657569 0.029292 0.102120
0 0.710081 0.669921 0.020474 0.102065
0 0.832219 0.659046 0.022542 0.108852
0 0.997169 0.727597 0.005661 0.120380
0 0.785760 0.578898 0.018792 0.103556
0 0.808646 0.483727 0.018479 0.084639
0 0.855688 0.515741 0.015375 0.093630
0 0.678453 0.717769 0.020021 0.117593
0 0.742419 0.468907 0.014359 0.075889
0 0.381620 0.423722 0.013552 0.064278
0 0.122240 0.600912 0.027083 0.104639
0 0.704182 0.587713 0.024365 0.091833
0 0.552924 0.452032 0.017578 0.075213
