0 0.251706 0.588731 0.024609 0.118759
0 0.447042 0.437898 0.019000 0.090833
0 0.312167 0.528875 0.017979 0.116343
0 0.343141 0.553324 0.025573 0.126259
0 0.279708 0.367120 0.019031 0.085333
0 0.988573 0.696676 0.022854 0.158093
0 0.103862 0.495250 0.024495 0.107537
1 0.436203 0.405366 0.007437 0.014176
0 0.344219 0.488898 0.018125 0.052796
0 0.200372 0.579301 0.027411 0.129157
0 0.495305 0.471569 0.021276 0.103398
0 0.417383 0.495907 0.022776 0.106593
0 0.106109 0.681056 0.024896 0.143296
0 0.058536 0.550847 0.024698 0.123491
0 0.163784 0.444556 0.020620 0.098685
0 0.389974 0.492477 0.019354 0.105213
