0 0.928242 0.572532 0.022224 0.098287
0 0.769724 0.552477 0.024187 0.103306
0 0.809953 0.552898 0.020594 0.100444
0 0.484641 0.584588 0.026750 0.105491
0 0.549542 0.539792 0.022135 0.100361
0 0.472745 0.490241 0.018771 0.086685
0 0.610669 0.561083 0.021922 0.110944
0 0.444883 0.447347 0.015464 0.091713
0 0.458544 0.528856 0.028589 0.100361
0 0.504310 0.541037 0.018984 0.106315
0 0.625505 0.557259 0.017031 0.113463
0 0.525380 0.491685 0.020458 0.093167
0 0.318667 0.468394 0.013302 0.088306
0 0.371286 0.457394 0.014240 0.089769
0 0.504570 0.471440 0.012380 0.062954
0 0.297672 0.436894 0.015219 0.084398
0 0.326661 0.438894 0.014552 0.092343
0 0.309411 0.438769 0.013281 0.085259
0 0.368422 0.423532 0.015073 0.064009
0 0.741578 0.511454 0.022104 0.095574
0 0.346732 0.433421 0.015828 0.082509
0 0.782542 0.354694 0.014813 0.059574
