0 0.140953 0.455287 0.028969 0.123574
0 0.009859 0.652440 0.019719 0.170657
0 0.557359 0.520384 0.023594 0.150509
0 0.943081 0.771403 0.033286 0.193324
0 0.865708 0.589755 0.026958 0.176250
0 0.524060 0.532657 0.030297 0.152037
0 0.954826 0.584181 0.028380 0.170343
0 0.635914 0.942708 0.047203 0.114583
0 0.266148 0.635671 0.031536 0.164843
0 0.160180 0.758551 0.034849 0.189028
0 0.174940 0.899787 0.043214 0.197019
0 0.239576 0.539037 0.021224 0.135463
0 0.553411 0.415727 0.023760 0.087787
1 0.338570 0.233486 0.012182 0.018435
