0 0.807471 0.488625 0.016443 0.087750
0 0.706471 0.508431 0.017568 0.067546
0 0.755266 0.503287 0.012615 0.067259
0 0.823247 0.497718 0.019693 0.100324
0 0.631193 0.442769 0.018719 0.095852
0 0.821083 0.509958 0.022365 0.078991
0 0.921484 0.341653 0.014469 0.065287
0 0.646445 0.438023 0.015286 0.087528
0 0.301906 0.360676 0.016083 0.080593
0 0.492802 0.453417 0.014719 0.064444
0 0.665799 0.454486 0.018672 0.084991
0 0.769224 0.493838 0.022229 0.094824
0 0.526956 0.469398 0.017630 0.088981
0 0.444922 0.494199 0.018823 0.095991
0 0.731594 0.491602 0.018198 0.094444
0 0.493914 0.519949 0.023984 0.100898
0 0.952464 0.549097 0.020187 0.098657
0 0.560648 0.481551 0.018526 0.092991
