0 0.639810 0.842667 0.036036 0.171426
0 0.400549 0.487806 0.031849 0.126259
0 0.330021 0.447894 0.035156 0.121972
0 0.825716 0.423005 0.022807 0.122102
0 0.154224 0.519231 0.037792 0.122722
0 0.906940 0.527338 0.035203 0.129009
1 0.858206 0.226560 0.010047 0.014954
0 0.096898 0.551454 0.033099 0.113704
1 0.610518 0.204833 0.012651 0.021981
0 0.010268 0.741741 0.020536 0.158741
1 0.342643 0.359704 0.012005 0.020426
0 0.265951 0.480056 0.049661 0.112611
0 0.862057 0.588431 0.035583 0.130102
0 0.433536 0.791602 0.038979 0.168593
0 0.123312 0.442065 0.031646 0.108852
0 0.517044 0.562500 0.026349 0.133056
0 0.516706 0.451005 0.025151 0.129398
0 0.910365 0.364199 0.024292 0.096324
0 0.823451 0.231954 0.022953 0.084704
