0 0.500596 0.319282 0.025380 0.063824
0 0.394260 0.535431 0.023813 0.117917
0 0.745141 0.376894 0.016010 0.079713
0 0.076523 0.329954 0.018849 0.082481
0 0.262875 0.422046 0.022229 0.094259
1 0.402279 0.335907 0.006641 0.013148
0 0.963758 0.648222 0.029182 0.132019
0 0.891536 0.838958 0.023281 0.101509
0 0.647211 0.381921 0.017047 0.093528
0 0.175427 0.465824 0.029802 0.100648
0 0.628352 0.335856 0.018432 0.076324
0 0.382221 0.300162 0.017953 0.069046
0 0.677992 0.530106 0.028318 0.095731
0 0.186266 0.269264 0.019875 0.063546
0 0.641977 0.485500 0.022672 0.099944
0 0.155987 0.755949 0.029516 0.133657
0 0.642927 0.321588 0.013042 0.048009
