0 0.253211 0.165458 0.013078 0.054657
0 0.155719 0.652968 0.024042 0.116065
0 0.378875 0.361606 0.016271 0.089361
0 0.344294 0.246477 0.019391 0.072306
0 0.367818 0.572486 0.030604 0.115120
0 0.840826 0.542704 0.020255 0.108778
0 0.458706 0.310676 0.017516 0.078463
0 0.574833 0.431778 0.023750 0.093778
1 0.434292 0.646074 0.008656 0.017481
0 0.731021 0.300662 0.015594 0.074750
0 0.966073 0.855509 0.021104 0.071389
0 0.034245 0.202583 0.013719 0.060556
0 0.525128 0.799699 0.036849 0.125287
0 0.445727 0.605088 0.023422 0.113435
0 0.187888 0.403403 0.018995 0.089528
