0 0.465914 0.262005 0.015797 0.085454
0 0.538687 0.385782 0.031448 0.097620
0 0.499740 0.091847 0.018063 0.057565
1 0.603378 0.506370 0.011016 0.018185
0 0.921318 0.289097 0.017833 0.089417
0 0.575352 0.197208 0.017453 0.080417
0 0.400841 0.168278 0.014839 0.074537
0 0.292318 0.240870 0.018969 0.093796
0 0.636893 0.204639 0.016557 0.084389
0 0.248734 0.242292 0.018260 0.090843
0 0.347052 0.187222 0.017000 0.072296
0 0.175500 0.310398 0.021469 0.101426
0 0.390273 0.522676 0.027057 0.109426
0 0.052026 0.389190 0.024104 0.116176
0 0.602070 0.385125 0.019974 0.108417
0 0.787435 0.656356 0.030234 0.133954
0 0.612206 0.317546 0.018495 0.076185
0 0.667781 0.139028 0.014812 0.066556
0 0.709161 0.303694 0.016760 0.086056
