0 0.548010 0.444903 0.025083 0.070009
0 0.250784 0.210523 0.014057 0.046954
0 0.358958 0.305380 0.015125 0.064722
0 0.528732 0.456713 0.025182 0.054537
1 0.534500 0.480713 0.007198 0.011944
0 0.827937 0.363051 0.021771 0.073657
0 0.964529 0.494528 0.017932 0.094815
0 0.256914 0.298796 0.013599 0.054500
0 0.794573 0.292130 0.012708 0.063222
0 0.018883 0.469505 0.015318 0.082491
0 0.485141 0.405537 0.017052 0.075259
0 0.084878 0.327454 0.013620 0.063907
0 0.432487 0.436343 0.014849 0.069222
0 0.083445 0.633653 0.021974 0.108528
0 0.235031 0.385537 0.014000 0.068759
0 0.595159 0.310394 0.015755 0.066306
0 0.789242 0.397843 0.023609 0.075185
0 0.482693 0.546898 0.019896 0.090315
0 0.062872 0.616870 0.020276 0.102944
0 0.494810 0.690106 0.028495 0.113676
0 0.587531 0.513657 0.020604 0.091907
0 0.689951 0.558421 0.022578 0.097306
