0 0.350448 0.664079 0.018698 0.100435
0 0.392576 0.453491 0.013911 0.081852
0 0.440240 0.369380 0.015313 0.066704
0 0.965776 0.651019 0.023760 0.103519
0 0.622591 0.234366 0.010724 0.049454
0 0.184964 0.649014 0.013354 0.100343
0 0.071914 0.384056 0.017443 0.080444
0 0.366904 0.642324 0.017620 0.101944
0 0.733930 0.585403 0.024005 0.096769
0 0.306477 0.833505 0.022964 0.113380
0 0.705867 0.641157 0.016516 0.109667
0 0.718987 0.818352 0.032057 0.114241
0 0.584479 0.621074 0.019844 0.102500
0 0.472076 0.799125 0.045870 0.032120
0 0.808060 0.416500 0.016859 0.070537
0 0.501766 0.378630 0.015083 0.069167
0 0.877352 0.363380 0.012557 0.064296
0 0.459411 0.534435 0.016750 0.092370
0 0.335875 0.554213 0.020802 0.094500
0 0.341620 0.726949 0.016479 0.110824
0 0.637323 0.482255 0.019615 0.084824
