0 0.302995 0.764167 0.028594 0.090593
0 0.477302 0.512116 0.016771 0.061713
0 0.900276 0.366153 0.014990 0.057157
0 0.481768 0.286065 0.010057 0.039519
0 0.645484 0.364394 0.010885 0.049380
0 0.487458 0.437384 0.014635 0.056861
0 0.155109 0.526440 0.014333 0.069769
0 0.366482 0.395537 0.010214 0.049370
0 0.473292 0.338065 0.008917 0.043815
0 0.596609 0.330255 0.009083 0.045065
0 0.158438 0.295259 0.011552 0.040074
0 0.727836 0.448764 0.015224 0.063676
0 0.495339 0.359630 0.012115 0.030556
0 0.541659 0.406648 0.014099 0.049407
0 0.276771 0.329028 0.009031 0.038370
0 0.743906 0.442278 0.016708 0.059296
1 0.324883 0.797153 0.008828 0.015231
0 0.495240 0.399694 0.012125 0.051722
0 0.494375 0.337926 0.009521 0.022204
0 0.044482 0.537213 0.015839 0.065685
0 0.817839 0.624495 0.021125 0.080750
0 0.492956 0.665514 0.023255 0.088935
0 0.705398 0.722718 0.022786 0.095176
0 0.324576 0.513509 0.013526 0.065815
