0 0.558701 0.442486 0.010193 0.044972
0 0.523953 0.514472 0.009396 0.039759
0 0.645654 0.527065 0.009661 0.041130
1 0.608576 0.571278 0.006036 0.011019
0 0.696164 0.788028 0.015651 0.075222
0 0.547169 0.710574 0.013297 0.070056
0 0.512315 0.711315 0.015620 0.071241
0 0.176563 0.690264 0.011896 0.065417
0 0.821401 0.645755 0.010469 0.061676
0 0.491958 0.599583 0.010896 0.053370
0 0.352492 0.583208 0.010474 0.048398
0 0.781643 0.522093 0.009943 0.045537
0 0.192966 0.588662 0.010078 0.053287
0 0.508745 0.548981 0.010833 0.043778
0 0.242404 0.536532 0.008943 0.046028
0 0.357133 0.526551 0.008797 0.042343
0 0.334469 0.448912 0.010292 0.031676
0 0.291849 0.490986 0.008563 0.037324
0 0.648711 0.555310 0.012422 0.050435
0 0.370146 0.497856 0.009365 0.032769
0 0.523865 0.616519 0.016760 0.066556
0 0.512406 0.457111 0.009656 0.029093
