0 0.703299 0.431815 0.018953 0.074389
0 0.637104 0.403218 0.015948 0.068750
0 0.778737 0.451134 0.025995 0.079657
0 0.661091 0.462764 0.014443 0.071306
0 0.819940 0.465681 0.012766 0.073898
0 0.598456 0.381231 0.012057 0.035556
1 0.385573 0.443491 0.007615 0.011389
0 0.612341 0.487190 0.020401 0.083269
0 0.027326 0.637787 0.020984 0.095074
0 0.537714 0.381310 0.013187 0.063417
0 0.009693 0.495806 0.015667 0.067907
0 0.335430 0.440176 0.015224 0.063593
0 0.866513 0.513343 0.016651 0.080741
0 0.865906 0.380255 0.015906 0.072139
0 0.481844 0.435273 0.012833 0.072731
0 0.601148 0.424681 0.020109 0.074954
0 0.700966 0.379894 0.012734 0.050435
0 0.858612 0.456264 0.013703 0.063991
0 0.453982 0.453324 0.016286 0.063000
0 0.531391 0.553361 0.016406 0.083278
0 0.572253 0.527958 0.020214 0.078157
