0 0.911034 0.394380 0.017714 0.081593
0 0.443607 0.419037 0.021672 0.071574
0 0.958826 0.409801 0.014005 0.084028
0 0.257333 0.387380 0.014656 0.076667
0 0.894763 0.450949 0.019411 0.087880
0 0.234849 0.402972 0.013385 0.065870
0 0.942281 0.567116 0.022708 0.101491
0 0.263148 0.623583 0.026953 0.102093
0 0.653034 0.447361 0.016745 0.076130
0 0.929492 0.459472 0.022099 0.093778
0 0.444086 0.520579 0.024766 0.093435
0 0.217435 0.530657 0.021255 0.097778
0 0.303354 0.502417 0.018167 0.092000
0 0.111073 0.516296 0.021427 0.100556
1 0.324701 0.444931 0.006349 0.012639
0 0.299818 0.447394 0.021583 0.042028
0 0.641055 0.415426 0.013318 0.082778
0 0.292133 0.415606 0.013964 0.047861
0 0.167526 0.697829 0.026781 0.116769
0 0.159565 0.344731 0.020807 0.066148
0 0.569125 0.398417 0.021031 0.080185
0 0.540922 0.470148 0.018094 0.080963
0 0.659172 0.347440 0.016604 0.071120
