1 0.433245 0.810463 0.010156 0.013852
0 0.219529 0.653773 0.026526 0.101824
0 0.642628 0.510838 0.021516 0.083824
0 0.981180 0.526037 0.018849 0.085870
0 0.264203 0.532519 0.018677 0.080074
0 0.386682 0.536787 0.020208 0.082593
0 0.653456 0.795116 0.025016 0.105583
0 0.954385 0.411213 0.018646 0.074037
0 0.614951 0.615972 0.024734 0.090407
0 0.638544 0.631824 0.032464 0.090556
0 0.234813 0.362620 0.017312 0.065444
0 0.423953 0.822611 0.028021 0.122111
0 0.548716 0.406227 0.014526 0.062880
0 0.500193 0.311301 0.011635 0.057620
0 0.913651 0.531139 0.025469 0.083185
0 0.563901 0.340028 0.013156 0.061463
0 0.878263 0.320250 0.014245 0.056426
0 0.819401 0.276463 0.011583 0.050704
0 0.722143 0.422468 0.014839 0.074157
0 0.614719 0.463569 0.016625 0.073972
0 0.399596 0.277745 0.010943 0.051787
0 0.386284 0.226875 0.010703 0.045972
