1 0.661305 0.399264 0.009068 0.013694
0 0.700437 0.348394 0.023156 0.065528
0 0.324159 0.360819 0.021932 0.083620
0 0.552104 0.416833 0.031104 0.093370
0 0.336370 0.295116 0.016000 0.061991
0 0.465948 0.437259 0.022417 0.114333
0 0.352464 0.291611 0.013031 0.061852
0 0.403911 0.227884 0.011948 0.050787
0 0.875714 0.338815 0.022927 0.084741
0 0.690346 0.375718 0.026557 0.077676
0 0.061042 0.436981 0.046917 0.097444
0 0.677003 0.357157 0.019391 0.068426
0 0.066302 0.748963 0.054896 0.204463
0 0.528185 0.525574 0.029495 0.121222
