0 0.534737 0.538407 0.018026 0.136704
0 0.600385 0.544236 0.036438 0.145435
0 0.339237 0.547412 0.032359 0.158009
0 0.746628 0.509995 0.027641 0.143417
0 0.781549 0.398546 0.019245 0.109148
0 0.652367 0.467898 0.028266 0.120444
0 0.500060 0.469491 0.023828 0.136907
0 0.516234 0.553412 0.024073 0.143787
0 0.514865 0.458736 0.014687 0.100324
0 0.677154 0.575106 0.041234 0.099528
0 0.388143 0.493394 0.039620 0.121102
0 0.722854 0.424861 0.032427 0.094111
0 0.733086 0.467468 0.028880 0.111657
0 0.804974 0.407319 0.030313 0.114157
0 0.729904 0.367282 0.036651 0.043861