0 0.988846 0.424824 0.019464 0.112111
0 0.230414 0.375694 0.023734 0.097296
0 0.088500 0.348148 0.017208 0.094389
0 0.110115 0.448190 0.026177 0.117583
0 0.106036 0.612755 0.045750 0.174139
0 0.750687 0.328537 0.034083 0.055889
0 0.774177 0.455694 0.039396 0.130630
1 0.765008 0.392218 0.009870 0.020046
0 0.973609 0.572727 0.032948 0.158991
0 0.488956 0.502528 0.032297 0.122759
0 0.550596 0.405245 0.020141 0.098824
0 0.583130 0.288431 0.017656 0.078435
0 0.959107 0.223616 0.013422 0.063787
0 0.753349 0.398051 0.029844 0.107028
0 0.387849 0.598255 0.054719 0.102565
0 0.210604 0.341981 0.015979 0.073352
0 0.432510 0.597884 0.037521 0.130954