0 0.470247 0.388523 0.027516 0.106880
0 0.965990 0.342778 0.039479 0.106667
0 0.777411 0.347856 0.027490 0.093991
0 0.520281 0.335912 0.028250 0.078620
1 0.346935 0.447718 0.010536 0.018083
0 0.789924 0.395778 0.023391 0.116000
0 0.246997 0.390394 0.029599 0.109528
0 0.749630 0.538148 0.040302 0.152093
0 0.400971 0.410681 0.033151 0.121194
0 0.714721 0.387949 0.021276 0.114009
0 0.694766 0.410458 0.023573 0.126083
0 0.357469 0.555181 0.036698 0.183120
0 0.695318 0.546690 0.031542 0.158472
0 0.708693 0.683153 0.038719 0.201935