0 0.455057 0.411028 0.031073 0.072093
0 0.510516 0.444241 0.020844 0.089574
1 0.633029 0.417324 0.007068 0.014759
0 0.368711 0.824681 0.037755 0.180157
0 0.786896 0.923148 0.042125 0.151944
0 0.449461 0.564287 0.029557 0.167444
0 0.759370 0.654606 0.027052 0.149343
0 0.066745 0.384824 0.027490 0.076444
0 0.302164 0.429523 0.029661 0.106602
0 0.122846 0.367694 0.027391 0.077500
0 0.030682 0.397597 0.013781 0.069565
0 0.655286 0.417593 0.018417 0.078704
0 0.929396 0.547199 0.028312 0.089898
0 0.954867 0.552116 0.026151 0.097750
0 0.801591 0.708130 0.035245 0.136593
0 0.212841 0.415361 0.019536 0.089019
0 0.469216 0.362120 0.015339 0.051037
