0 0.278805 0.644755 0.030599 0.141787
0 0.421740 0.450153 0.016125 0.091380
0 0.411659 0.456750 0.017016 0.091241
0 0.178622 0.478481 0.019141 0.149000
0 0.178563 0.448810 0.018573 0.087602
0 0.393977 0.543532 0.031547 0.033972
0 0.709958 0.459074 0.017667 0.102519
0 0.991997 0.471620 0.016005 0.102222
0 0.145109 0.396343 0.016677 0.084741
0 0.279974 0.382759 0.015125 0.068741
0 0.383807 0.393880 0.017646 0.070185
0 0.500362 0.548370 0.025995 0.117593
0 0.326091 0.419019 0.016286 0.086926
0 0.200729 0.590236 0.024260 0.134880
0 0.228930 0.391750 0.019318 0.074407
0 0.066099 0.398139 0.014094 0.067093
0 0.086576 0.513903 0.021078 0.105065
0 0.945547 0.518282 0.020688 0.109639