0 0.800693 0.655602 0.033698 0.149778
0 0.227901 0.729778 0.049188 0.169500
0 0.692406 0.623546 0.036573 0.140000
0 0.048331 0.679241 0.039984 0.148815
0 0.368536 0.642222 0.051000 0.133000
0 0.014849 0.714366 0.029135 0.150806
0 0.316747 0.680468 0.030172 0.148991
0 0.636461 0.634000 0.028797 0.158407
0 0.859083 0.649694 0.034021 0.144667
1 0.398380 0.438171 0.014906 0.023194
0 0.339802 0.672352 0.027052 0.158315
0 0.615409 0.641319 0.030349 0.145231
0 0.567701 0.675259 0.043703 0.155389
0 0.579812 0.602245 0.039490 0.069269
0 0.320583 0.580204 0.032646 0.078315
0 0.455549 0.638750 0.023693 0.119815
0 0.472401 0.636819 0.026885 0.130269
0 0.832083 0.686667 0.029687 0.130556
0 0.543318 0.667032 0.022010 0.165546
