0 0.992190 0.505588 0.015620 0.101546
0 0.218279 0.501259 0.016714 0.084963
0 0.622461 0.514699 0.016182 0.101398
0 0.875461 0.561023 0.024651 0.123583
0 0.651745 0.493921 0.017813 0.081176
0 0.872935 0.493046 0.019880 0.049667
0 0.719224 0.514394 0.025458 0.110046
0 0.422536 0.591634 0.038146 0.139972
0 0.116112 0.568644 0.027661 0.122361
0 0.201482 0.521162 0.020578 0.095935
0 0.509557 0.480412 0.013635 0.073065
0 0.567057 0.565602 0.031354 0.126426
0 0.772578 0.496778 0.021125 0.089556
0 0.299122 0.647245 0.031745 0.160324
0 0.377797 0.528412 0.026990 0.108380
