0 0.474419 0.618449 0.039734 0.158806
1 0.614693 0.696611 0.019115 0.031556
0 0.018513 0.272662 0.011922 0.046491
0 0.319552 0.359894 0.023125 0.096935
0 0.537195 0.321532 0.019641 0.071509
0 0.500607 0.435759 0.028109 0.118222
0 0.694422 0.275111 0.013479 0.053500
0 0.724594 0.391329 0.026667 0.102287
0 0.362167 0.287273 0.011417 0.051750
0 0.696904 0.430907 0.021964 0.099593
0 0.709143 0.560468 0.046411 0.152157
0 0.443714 0.360106 0.016229 0.088509
0 0.561456 0.324593 0.016005 0.070630
0 0.018815 0.483704 0.032589 0.136019
0 0.723565 0.644648 0.049078 0.165685
0 0.017435 0.326310 0.019151 0.086657
0 0.357073 0.624134 0.052740 0.182380
0 0.391193 0.621727 0.061021 0.174898