0 0.157781 0.613704 0.017104 0.093574
0 0.335292 0.674565 0.026521 0.121870
0 0.214997 0.819824 0.033620 0.185963
0 0.274219 0.664241 0.022167 0.109444
0 0.231370 0.585005 0.013583 0.070398
0 0.574273 0.614940 0.015422 0.087731
0 0.615495 0.612630 0.015344 0.080463
0 0.449818 0.645190 0.018844 0.101046
0 0.171687 0.579856 0.017677 0.065102
0 0.437456 0.581796 0.015786 0.080296
0 0.106396 0.824583 0.076510 0.187333
0 0.720586 0.606273 0.018245 0.084583
0 0.653794 0.605639 0.015464 0.076870
0 0.738068 0.614366 0.017719 0.085861
0 0.754026 0.613199 0.020781 0.080231
0 0.283070 0.576185 0.016984 0.072926
0 0.288370 0.547898 0.013719 0.055204
0 0.947807 0.662648 0.023469 0.113259
1 0.945341 0.613843 0.009974 0.013611
