0 0.335346 0.387546 0.019443 0.101556
0 0.066945 0.375597 0.021474 0.088269
0 0.095898 0.422866 0.024682 0.103417
0 0.921208 0.493755 0.023010 0.143250
0 0.606151 0.385847 0.016531 0.095602
0 0.296104 0.390222 0.025812 0.091963
0 0.627833 0.462435 0.024240 0.128648
0 0.106812 0.404801 0.022271 0.115583
0 0.075003 0.574120 0.036547 0.175648
0 0.694565 0.390139 0.032255 0.109889
0 0.411339 0.372792 0.018562 0.089602
0 0.762568 0.401278 0.028417 0.101537
0 0.275484 0.472468 0.029740 0.132546
0 0.372490 0.412847 0.021187 0.114972
0 0.903576 0.431986 0.020276 0.126583
0 0.545482 0.371556 0.015682 0.081759
