0 0.896161 0.437241 0.030604 0.168333
0 0.518130 0.392926 0.026500 0.120426
0 0.777922 0.846051 0.087635 0.302787
0 0.041047 0.567435 0.049823 0.213444
0 0.743424 0.450000 0.042630 0.161185
0 0.123547 0.850069 0.080198 0.294194
0 0.410214 0.585079 0.072979 0.194731
0 0.976883 0.524097 0.044776 0.181861
0 0.876958 0.488532 0.041510 0.168694
0 0.845396 0.562704 0.054521 0.214278
0 0.558721 0.472634 0.030516 0.126157
0 0.376219 0.445630 0.051740 0.156611
0 0.824513 0.407324 0.038922 0.151963
1 0.188745 0.538995 0.027573 0.025380
