0 0.135677 0.577440 0.022292 0.127713
1 0.009682 0.549250 0.008573 0.013352
0 0.995445 0.742417 0.009109 0.164944
1 0.377604 0.554713 0.007896 0.011556
0 0.104844 0.532204 0.021271 0.080556
0 0.360224 0.553602 0.027167 0.119537
0 0.583935 0.570764 0.028474 0.082435
0 0.309417 0.539421 0.021490 0.090065
0 0.590737 0.668255 0.031401 0.158602
0 0.426464 0.529509 0.022906 0.094648
0 0.671177 0.545032 0.020615 0.113620
0 0.453336 0.587394 0.030266 0.132583
0 0.985768 0.598542 0.027818 0.130287
0 0.185305 0.878065 0.055193 0.232667
0 0.537602 0.527241 0.022651 0.092759
0 0.891956 0.600713 0.025953 0.131648
0 0.122591 0.590190 0.022839 0.115417
0 0.267370 0.556560 0.025542 0.111787
