0 0.692365 0.515690 0.050406 0.260639
0 0.923305 0.195782 0.028922 0.148528
0 0.859703 0.388389 0.061323 0.190574
0 0.343763 0.177023 0.028026 0.121602
0 0.631185 0.656412 0.076870 0.265528
0 0.039185 0.176917 0.020953 0.116500
0 0.553310 0.105074 0.017724 0.096537
0 0.587802 0.120500 0.019677 0.093444
0 0.356260 0.076380 0.012792 0.074204
0 0.395161 0.077389 0.015240 0.074352
0 0.246151 0.277222 0.041490 0.154481
0 0.325552 0.935579 0.053354 0.128028
1 0.688375 0.797519 0.029938 0.055037
0 0.332464 0.934569 0.076729 0.126750
