0 0.619336 0.529403 0.028141 0.170435
0 0.646380 0.523343 0.029000 0.161685
0 0.248844 0.543537 0.026344 0.093037
0 0.222221 0.459630 0.030047 0.148167
0 0.337565 0.574759 0.036964 0.171370
0 0.886409 0.621106 0.045505 0.211917
0 0.374945 0.578468 0.045057 0.187231
0 0.471974 0.546185 0.025688 0.162741
0 0.224464 0.615532 0.055823 0.172324
0 0.790096 0.645949 0.051870 0.240861
0 0.858589 0.484903 0.025708 0.150398
0 0.834201 0.484069 0.027078 0.150639
0 0.447268 0.648954 0.046776 0.191074
0 0.492599 0.538977 0.023760 0.190102
0 0.249393 0.560097 0.028526 0.127491
0 0.524307 0.532838 0.030594 0.179750
0 0.788273 0.498106 0.032328 0.153231
0 0.528888 0.531241 0.022203 0.183037
0 0.512042 0.536287 0.029021 0.181204
0 0.491122 0.518005 0.024005 0.149898
1 0.906044 0.671843 0.016411 0.026259