0 0.615023 0.480588 0.021599 0.101065
0 0.134003 0.504421 0.025849 0.121583
0 0.887940 0.477773 0.022526 0.111898
0 0.736521 0.476741 0.022510 0.108093
0 0.355964 0.533602 0.028677 0.124500
0 0.786753 0.803347 0.069401 0.234546
0 0.198581 0.608829 0.035401 0.162750
0 0.099422 0.484264 0.021927 0.089417
0 0.300828 0.459657 0.017844 0.083130
0 0.558500 0.575477 0.031260 0.155565
0 0.169505 0.467495 0.020292 0.083343
0 0.648818 0.552773 0.039708 0.136750
0 0.556279 0.467148 0.020776 0.094352
0 0.158167 0.408176 0.015844 0.071444
0 0.532172 0.472102 0.024958 0.082444
1 0.064513 0.266690 0.011380 0.019639
