0 0.005354 0.377718 0.010708 0.077157
0 0.330026 0.262556 0.011094 0.061556
0 0.837042 0.845171 0.094458 0.286028
0 0.272404 0.286579 0.014849 0.073231
0 0.567570 0.337227 0.020922 0.094176
0 0.159604 0.388755 0.026885 0.116398
0 0.134299 0.233370 0.011526 0.043333
0 0.397552 0.258472 0.015073 0.061648
0 0.495753 0.247824 0.014536 0.056056
0 0.323250 0.277120 0.011458 0.061926
0 0.552966 0.234079 0.009036 0.043861
0 0.486404 0.875380 0.064359 0.231278
0 0.109445 0.232718 0.011714 0.043898
0 0.634776 0.407444 0.030406 0.120519
0 0.314609 0.234560 0.011083 0.045713
0 0.176174 0.279407 0.016453 0.072370
0 0.574609 0.275704 0.021125 0.073685
0 0.420310 0.294792 0.013443 0.076750
0 0.413958 0.307032 0.018177 0.071657
0 0.573419 0.239870 0.012474 0.032315
0 0.420859 0.963634 0.075625 0.072731
1 0.558932 0.318981 0.007781 0.011796