0 0.597409 0.530870 0.019057 0.102000
0 0.581883 0.532731 0.012891 0.095630
0 0.650005 0.541259 0.016250 0.098870
0 0.736039 0.560060 0.018901 0.108269
0 0.667482 0.542963 0.015630 0.096944
0 0.821310 0.484722 0.016953 0.082704
0 0.713141 0.567694 0.019312 0.110833
0 0.044727 0.521704 0.015224 0.086463
0 0.206349 0.544037 0.017583 0.104926
0 0.058060 0.620778 0.029474 0.142463
0 0.088320 0.513755 0.015370 0.091306
0 0.295206 0.499315 0.017130 0.085426
0 0.535901 0.537370 0.026031 0.101481
0 0.561380 0.536449 0.022542 0.095287
0 0.572198 0.528875 0.013333 0.095898
1 0.134516 0.561463 0.009594 0.016130
0 0.351693 0.503255 0.015396 0.093509
0 0.356268 0.502509 0.016443 0.093889
0 0.366852 0.507282 0.016641 0.090565
