1 0.588620 0.763685 0.013396 0.022481
0 0.566917 0.810810 0.065687 0.243194
0 0.711357 0.374296 0.028411 0.112278
0 0.492432 0.455028 0.027052 0.144852
0 0.289997 0.502255 0.025536 0.138157
0 0.380536 0.313736 0.016979 0.077824
0 0.324128 0.296458 0.014516 0.068565
0 0.647302 0.357181 0.020271 0.089861
0 0.546362 0.345120 0.020359 0.090259
0 0.221182 0.489551 0.031812 0.164972
0 0.437182 0.498731 0.028260 0.157630
0 0.969638 0.382199 0.023630 0.100861
0 0.045594 0.308468 0.017990 0.086343
0 0.352401 0.912421 0.072302 0.173694
0 0.614271 0.274616 0.015094 0.054139
0 0.948242 0.374134 0.033599 0.106213
0 0.822727 0.298454 0.015620 0.076778
0 0.298591 0.257847 0.010016 0.049472
0 0.920281 0.244398 0.013646 0.054981
0 0.057578 0.226972 0.011021 0.038185
