0 0.556688 0.588144 0.021396 0.095083
0 0.525677 0.660912 0.026844 0.110898
0 0.166466 0.645292 0.024078 0.110917
0 0.715841 0.649769 0.028943 0.117352
0 0.668143 0.615167 0.020734 0.105556
0 0.212779 0.745458 0.034422 0.144843
0 0.137661 0.755167 0.032635 0.162167
0 0.891302 0.563843 0.023479 0.082574
0 0.946625 0.748676 0.029927 0.177648
0 0.478224 0.609093 0.020604 0.108944
0 0.503570 0.590116 0.023005 0.075102
0 0.279646 0.628421 0.025500 0.085713
0 0.759073 0.591134 0.028719 0.092861
0 0.445789 0.620440 0.026318 0.098620
0 0.689943 0.566736 0.024010 0.076065
0 0.330706 0.571875 0.027464 0.062102
0 0.375766 0.607463 0.034271 0.097167
0 0.777969 0.588319 0.019375 0.088880
