0 0.104594 0.398185 0.018354 0.057407
0 0.335568 0.508185 0.035125 0.101500
0 0.398940 0.734287 0.066734 0.185852
0 0.207747 0.473639 0.033943 0.090685
0 0.796216 0.506111 0.035870 0.091852
0 0.884977 0.537375 0.043953 0.102287
0 0.242542 0.446144 0.029885 0.076361
0 0.824617 0.482431 0.019651 0.081750
0 0.613625 0.415750 0.022375 0.066074
0 0.588078 0.448787 0.027927 0.075593
0 0.357005 0.366977 0.014948 0.047620
0 0.898958 0.400718 0.030458 0.059565
1 0.769609 0.214301 0.013594 0.020102
0 0.068544 0.355579 0.020432 0.045935
