0 0.732555 0.424426 0.013453 0.047259
1 0.406536 0.400644 0.011625 0.021880
0 0.914398 0.805051 0.043443 0.214676
0 0.480279 0.522301 0.019880 0.108380
0 0.582818 0.541611 0.023198 0.106500
0 0.707190 0.594667 0.029526 0.140833
0 0.217182 0.549829 0.019052 0.108176
0 0.456776 0.497468 0.017906 0.072935
0 0.193120 0.560644 0.023177 0.105176
0 0.232607 0.609347 0.024214 0.103843
0 0.919607 0.560926 0.028495 0.116167
0 0.253977 0.620551 0.022911 0.125806
0 0.633497 0.516042 0.023443 0.108713
0 0.128578 0.467296 0.016542 0.072907
0 0.796911 0.524245 0.022719 0.096213
0 0.729534 0.567375 0.037661 0.089028
0 0.590281 0.804273 0.041354 0.213898
1 0.722888 0.501731 0.014036 0.035778
0 0.703997 0.518963 0.024370 0.058778
