0 0.356312 0.602384 0.036594 0.166380
0 0.581036 0.577343 0.037594 0.167630
0 0.298656 0.595736 0.031219 0.160880
0 0.245229 0.529542 0.024917 0.152509
0 0.717818 0.554384 0.032240 0.151269
0 0.987461 0.444403 0.022964 0.106083
0 0.222828 0.517495 0.024781 0.140176
0 0.469281 0.479065 0.017479 0.088407
0 0.960391 0.427319 0.018948 0.085639
1 0.953380 0.463190 0.008031 0.012824
0 0.394654 0.550755 0.036380 0.160398
0 0.471643 0.588056 0.033974 0.156185
0 0.355878 0.507588 0.026870 0.073157
0 0.575042 0.490273 0.029094 0.059880
0 0.302367 0.508718 0.027797 0.065991
0 0.357859 0.473921 0.023740 0.053306