0 0.968326 0.388269 0.021682 0.083000
0 0.759286 0.412486 0.019604 0.092324
0 0.596138 0.383741 0.015505 0.077241
0 0.399964 0.374454 0.013969 0.067870
0 0.070823 0.394745 0.018490 0.084269
0 0.790971 0.639236 0.057349 0.171713
0 0.263643 0.359514 0.012297 0.059935
0 0.758810 0.515324 0.040807 0.164370
0 0.211872 0.368088 0.015557 0.058898
0 0.021604 0.879171 0.042510 0.240231
0 0.083326 0.459208 0.019234 0.060731
0 0.006440 0.434889 0.012766 0.104407
0 0.679464 0.347917 0.010958 0.058667
0 0.380698 0.322037 0.011219 0.045074
1 0.760701 0.696282 0.015026 0.022694
0 0.277818 0.401579 0.015969 0.073972
0 0.242477 0.427606 0.021557 0.095046
0 0.493896 0.492444 0.025385 0.119370
0 0.202812 0.437014 0.018687 0.103269
0 0.313029 0.481306 0.024057 0.122556
