0 0.222885 0.563894 0.039344 0.159269
0 0.952042 0.436264 0.028667 0.057435
0 0.581042 0.454060 0.019552 0.096602
1 0.460643 0.172435 0.011005 0.020315
0 0.574016 0.440005 0.024885 0.119806
0 0.132552 0.501769 0.047281 0.011278
0 0.445193 0.431745 0.020646 0.086565
0 0.848549 0.445801 0.023964 0.108935
0 0.132945 0.548667 0.051557 0.211519
0 0.306193 0.457403 0.026323 0.094694
0 0.435359 0.456435 0.034187 0.090704
0 0.370560 0.443306 0.036484 0.102370
0 0.608620 0.468662 0.041969 0.109065
0 0.866781 0.513718 0.043385 0.131324
0 0.545107 0.475662 0.025745 0.114824
0 0.961565 0.525278 0.040589 0.152630