0 0.779552 0.536653 0.038906 0.220398
0 0.243409 0.323213 0.034411 0.113000
0 0.963482 0.324560 0.026234 0.121528
0 0.323927 0.855699 0.075573 0.285713
0 0.983591 0.383764 0.026620 0.147009
0 0.524141 0.297986 0.030531 0.094898
0 0.273130 0.294056 0.025135 0.088481
0 0.907495 0.399769 0.051333 0.160944
0 0.725990 0.299278 0.019010 0.085889
1 0.279456 0.330806 0.009464 0.012889
0 0.993602 0.302245 0.012797 0.111676
0 0.904036 0.397449 0.009115 0.161602
0 0.248255 0.283708 0.024010 0.092028
0 0.032674 0.396639 0.030120 0.151481
