0 0.183992 0.440718 0.016922 0.060769
0 0.363844 0.397444 0.011958 0.046833
0 0.757622 0.455579 0.022068 0.068213
0 0.141685 0.457412 0.034224 0.069565
0 0.219474 0.460787 0.023885 0.085037
0 0.249849 0.491912 0.019885 0.089676
0 0.295789 0.472329 0.016380 0.088231
0 0.341349 0.421148 0.015125 0.060093
0 0.442620 0.495560 0.028125 0.096065
0 0.736651 0.460356 0.028448 0.061546
0 0.253878 0.627264 0.029286 0.147880
0 0.340732 0.498222 0.019161 0.100167
0 0.320370 0.448690 0.014167 0.068731
0 0.103544 0.468287 0.022724 0.087463
0 0.867245 0.455602 0.018542 0.095537
0 0.517716 0.454856 0.020443 0.066657
0 0.909565 0.492134 0.025047 0.107880
1 0.677589 0.452792 0.005875 0.011491
0 0.400646 0.384634 0.017729 0.048843