0 0.219042 0.505255 0.015667 0.075917
0 0.801922 0.479000 0.012083 0.060259
0 0.603201 0.475042 0.009807 0.058102
0 0.278404 0.530727 0.020047 0.045880
0 0.532318 0.446894 0.009323 0.039565
0 0.559911 0.450486 0.008896 0.039472
0 0.773625 0.470065 0.008688 0.052593
0 0.578148 0.448616 0.010609 0.044509
0 0.234313 0.520667 0.014385 0.063148
0 0.412464 0.428903 0.007948 0.033176
0 0.237984 0.492704 0.011219 0.037630
1 0.401490 0.499296 0.009010 0.009407
0 0.154630 0.678273 0.023708 0.125639
0 0.247953 0.545972 0.015479 0.080167
0 0.571380 0.510921 0.011344 0.073565
0 0.577818 0.689954 0.037687 0.141556
0 0.319208 0.499019 0.015323 0.065093
0 0.652221 0.470583 0.010672 0.051000
0 0.180245 0.484477 0.012896 0.065583
0 0.843763 0.516074 0.013161 0.074870
0 0.466536 0.478861 0.010667 0.060519
