0 0.415052 0.314463 0.018198 0.090370
0 0.700034 0.285171 0.023193 0.086694
0 0.133031 0.653310 0.052323 0.218639
0 0.592786 0.445639 0.041406 0.153296
0 0.259951 0.294949 0.017016 0.080398
0 0.433156 0.319602 0.020313 0.093352
0 0.596151 0.625194 0.059823 0.167204
0 0.315250 0.371903 0.028781 0.124194
0 0.097328 0.410319 0.031760 0.136713
0 0.554187 0.348005 0.032062 0.088398
0 0.400622 0.357162 0.032870 0.101639
0 0.479276 0.700194 0.068979 0.208722
1 0.651698 0.610870 0.039146 0.046537
0 0.630651 0.443278 0.036281 0.143556
0 0.334122 0.297926 0.017026 0.077259
