0 0.633654 0.142236 0.011349 0.040694
0 0.328273 0.162759 0.011276 0.045963
0 0.631888 0.159269 0.014318 0.062907
0 0.336552 0.151009 0.008333 0.039019
0 0.349674 0.832486 0.087995 0.302194
0 0.507828 0.806935 0.065052 0.297815
0 0.558052 0.755139 0.058823 0.284241
0 0.705828 0.239537 0.017917 0.081981
0 0.454138 0.183171 0.012755 0.058083
0 0.424948 0.195958 0.012958 0.064065
0 0.631922 0.226838 0.018531 0.087565
0 0.123930 0.177690 0.012495 0.058157
0 0.533375 0.210574 0.013354 0.067093
0 0.392701 0.173194 0.009849 0.048278
0 0.485117 0.157963 0.009943 0.040426
0 0.204984 0.193745 0.014490 0.058713
0 0.329096 0.214273 0.012807 0.071028
0 0.542094 0.153394 0.012354 0.051028
0 0.423193 0.132148 0.010177 0.032056
0 0.341471 0.169306 0.016578 0.010778
0 0.748617 0.198556 0.014266 0.066352
0 0.254344 0.155278 0.010990 0.046722
0 0.355370 0.152435 0.009656 0.041278
0 0.725474 0.152356 0.007958 0.044676
0 0.630237 0.171102 0.012911 0.044333
0 0.711865 0.145014 0.009740 0.046694
0 0.759065 0.182644 0.011943 0.036472