0 0.457177 0.385940 0.014385 0.077435
0 0.783813 0.362130 0.015063 0.062519
0 0.638888 0.356407 0.014714 0.036833
0 0.670799 0.338329 0.014203 0.050528
0 0.636703 0.412819 0.023135 0.090120
0 0.630964 0.629472 0.036177 0.171593
0 0.017612 0.536236 0.031828 0.149324
0 0.874232 0.397477 0.017547 0.084435
0 0.126523 0.627986 0.038026 0.171972
0 0.342643 0.469611 0.019380 0.107981
1 0.639875 0.446861 0.007417 0.013185
0 0.584969 0.515352 0.028083 0.123019
0 0.305919 0.415935 0.016411 0.105019
0 0.366646 0.452889 0.022469 0.110926
0 0.805648 0.459694 0.029974 0.115852
0 0.578195 0.419343 0.019776 0.086907