0 0.311052 0.433343 0.027354 0.133870
0 0.732466 0.404519 0.031714 0.117370
0 0.071583 0.540935 0.035010 0.168537
0 0.656435 0.489120 0.033849 0.156000
0 0.359346 0.431014 0.026339 0.156898
0 0.691206 0.465852 0.032422 0.161130
0 0.536659 0.409407 0.023495 0.112630
0 0.851336 0.455227 0.021797 0.134639
0 0.930247 0.326051 0.018891 0.085769
0 0.429271 0.361898 0.025677 0.087741
0 0.420380 0.447662 0.023042 0.149157
0 0.819969 0.391079 0.023240 0.099954
0 0.400547 0.456231 0.024219 0.095426
0 0.829784 0.488324 0.041130 0.159056
0 0.404620 0.394546 0.018208 0.047185
0 0.548758 0.501051 0.030432 0.152898
1 0.449159 0.319468 0.012328 0.016120
0 0.051198 0.493380 0.031563 0.151759
0 0.882607 0.421269 0.026797 0.150241
0 0.617484 0.387690 0.035719 0.112935
0 0.400203 0.578907 0.043271 0.204870
