0 0.650701 0.213347 0.023120 0.115306
0 0.523260 0.083343 0.014115 0.052370
0 0.551302 0.069370 0.013240 0.023611
0 0.536810 0.829917 0.060130 0.333593
0 0.424190 0.677940 0.043099 0.152824
0 0.386263 0.106227 0.010786 0.053157
0 0.746531 0.083069 0.010771 0.049639
0 0.551253 0.097306 0.015255 0.074444
0 0.518378 0.136102 0.013339 0.076278
0 0.477604 0.062912 0.013667 0.042120
0 0.503919 0.121819 0.011495 0.071324
0 0.487831 0.127852 0.016089 0.071111
0 0.531935 0.151324 0.012984 0.082907
0 0.636419 0.107912 0.013484 0.068065
0 0.436758 0.824731 0.058786 0.339963
0 0.983336 0.105005 0.013693 0.070231
0 0.585346 0.087806 0.010141 0.051685
0 0.854021 0.182347 0.020240 0.099046
0 0.842648 0.131954 0.017453 0.084370
0 0.539747 0.094759 0.010109 0.059074
