0 0.935742 0.669125 0.038766 0.180324
0 0.616443 0.593394 0.030021 0.148528
0 0.741461 0.517653 0.024995 0.116583
0 0.600234 0.517319 0.019115 0.095361
1 0.895747 0.527722 0.008849 0.014852
0 0.137893 0.545903 0.024693 0.117565
0 0.909341 0.488667 0.027453 0.088167
0 0.837122 0.509389 0.022380 0.111259
0 0.268505 0.585500 0.031531 0.145685
0 0.312576 0.535037 0.031193 0.124333
0 0.040664 0.607940 0.040141 0.139380
0 0.763318 0.513190 0.021208 0.116454
0 0.387086 0.755449 0.058557 0.219009
0 0.262750 0.505579 0.024417 0.074935
0 0.565766 0.536153 0.017375 0.113009
0 0.466432 0.509657 0.023365 0.099370
0 0.550227 0.565444 0.021109 0.133667
