0 0.592096 0.637255 0.022557 0.111009
0 0.635109 0.566111 0.019260 0.078148
1 0.370742 0.621583 0.010130 0.012759
0 0.374302 0.627083 0.052542 0.030685
0 0.645557 0.546625 0.022406 0.092509
0 0.766714 0.585634 0.019094 0.100676
0 0.427885 0.619278 0.020594 0.105352
0 0.550013 0.595620 0.020391 0.099852
0 0.819940 0.552569 0.021078 0.078769
0 0.208727 0.713301 0.035891 0.133435
0 0.840935 0.553009 0.016245 0.075944
0 0.859320 0.682144 0.025859 0.146898
0 0.485846 0.574694 0.022307 0.088130
0 0.568661 0.573352 0.017365 0.070315
0 0.840724 0.671727 0.021698 0.141009
0 0.323380 0.626648 0.030937 0.016407
1 0.154674 0.635245 0.010391 0.014657
0 0.326919 0.625847 0.032557 0.019602
