0 0.627036 0.579681 0.020427 0.111657
0 0.184604 0.639903 0.027656 0.122546
0 0.938937 0.554569 0.020479 0.104565
0 0.542297 0.548750 0.032292 0.096648
0 0.650536 0.536065 0.023167 0.087130
0 0.776904 0.614282 0.032401 0.132694
0 0.436643 0.622069 0.024870 0.119269
0 0.733253 0.527546 0.019276 0.086704
0 0.659284 0.771287 0.036880 0.198000
0 0.514693 0.553537 0.017198 0.103037
0 0.708078 0.555968 0.022031 0.104657
0 0.923992 0.532093 0.022557 0.085593
0 0.444115 0.555375 0.020396 0.091528
0 0.991557 0.479806 0.015260 0.070444
0 0.745227 0.463005 0.018453 0.062750
1 0.705018 0.118782 0.013526 0.026787
