0 0.531620 0.210667 0.011740 0.056241
0 0.339698 0.630218 0.071115 0.208583
0 0.615956 0.691102 0.058901 0.262685
0 0.383672 0.409796 0.023146 0.148426
0 0.305214 0.328917 0.030458 0.108296
0 0.522740 0.317500 0.026104 0.107593
0 0.552948 0.365699 0.027896 0.122546
0 0.355284 0.212259 0.012099 0.058815
0 0.111380 0.537412 0.062760 0.175324
0 0.937536 0.251722 0.017948 0.087019
0 0.974302 0.605106 0.049552 0.215750
0 0.606529 0.268565 0.024182 0.087444
0 0.794714 0.401926 0.030542 0.149537
0 0.179068 0.274144 0.025927 0.082398
0 0.891495 0.254755 0.018573 0.078509
0 0.326443 0.239259 0.019375 0.075222
0 0.649992 0.205810 0.013245 0.051380
0 0.304036 0.221069 0.014323 0.057898
0 0.703737 0.877231 0.049818 0.232667
0 0.376372 0.159694 0.008745 0.036944
0 0.649797 0.152625 0.007708 0.020231
