0 0.502260 0.373005 0.010406 0.050083
0 0.543161 0.555069 0.023437 0.119657
0 0.287172 0.362787 0.011146 0.025611
0 0.059352 0.378843 0.011547 0.051889
0 0.064583 0.386722 0.012323 0.054722
0 0.017034 0.811579 0.034068 0.254620
0 0.290706 0.389611 0.014578 0.049370
0 0.179602 0.376181 0.010880 0.040417
0 0.204591 0.405690 0.011766 0.051935
0 0.260193 0.517231 0.019875 0.102019
0 0.519216 0.556102 0.020901 0.113796
0 0.215971 0.610028 0.030109 0.148630
0 0.736727 0.430977 0.020214 0.069657
0 0.211096 0.449889 0.017005 0.077111
0 0.876112 0.416208 0.018641 0.072769
0 0.341245 0.580940 0.036760 0.143083
0 0.849469 0.415704 0.017260 0.065167
0 0.361471 0.453384 0.015839 0.075065
0 0.280245 0.432343 0.012771 0.069981
0 0.759268 0.401755 0.012661 0.060713
0 0.433167 0.387764 0.009990 0.052028
0 0.347547 0.403556 0.010844 0.060685
0 0.005094 0.431954 0.010135 0.059204
0 0.135227 0.372986 0.009266 0.040491
0 0.547414 0.372898 0.013880 0.046593
0 0.161232 0.376968 0.010661 0.043843
0 0.745320 0.401606 0.015120 0.067306
0 0.266740 0.372889 0.008708 0.038444
