1 0.128232 0.405384 0.009964 0.017417
0 0.385492 0.433065 0.035099 0.195519
0 0.989286 0.527306 0.021323 0.221667
0 0.813044 0.642218 0.047620 0.266157
0 0.012711 0.639838 0.025422 0.250065
0 0.807341 0.454444 0.032859 0.181370
0 0.400109 0.521750 0.032281 0.221019
0 0.912646 0.728120 0.062240 0.319185
0 0.968151 0.292000 0.022927 0.127870
0 0.223159 0.432616 0.033714 0.170213
0 0.063190 0.578722 0.048422 0.236963
0 0.288109 0.488481 0.045771 0.209074
0 0.888500 0.374597 0.028885 0.151546
0 0.098224 0.523829 0.036979 0.204287
0 0.176922 0.479676 0.038396 0.188407
0 0.387448 0.393213 0.033708 0.111481
