0 0.983333 0.756019 0.027083 0.121296
0 0.469818 0.398662 0.020948 0.074472
0 0.677279 0.353870 0.014505 0.060944
0 0.621615 0.388704 0.018229 0.040370
0 0.478021 0.456574 0.023125 0.083148
0 0.556250 0.530833 0.026042 0.061667
0 0.604661 0.427778 0.015573 0.070370
0 0.990885 0.601389 0.017188 0.104630
0 0.894531 0.527778 0.030729 0.092593
0 0.946875 0.463426 0.016667 0.078704
0 0.573698 0.473611 0.016146 0.082407
0 0.557031 0.595833 0.027604 0.100926
0 0.309115 0.464444 0.019271 0.082222
0 0.392049 0.512491 0.021797 0.096037
0 0.623680 0.436583 0.020182 0.075981