0 0.878385 0.438426 0.022396 0.110185
0 0.929427 0.419907 0.028646 0.126852
1 0.239844 0.468519 0.013021 0.018519
0 0.763828 0.241426 0.028802 0.076407
0 0.346354 0.611111 0.031250 0.138889
0 0.415365 0.584259 0.039062 0.122222
0 0.651302 0.338889 0.019271 0.100000
0 0.692448 0.336111 0.017188 0.098148
0 0.159115 0.264352 0.035937 0.089815
0 0.064062 0.586574 0.032292 0.132407
0 0.782724 0.239111 0.023906 0.080556
0 0.571875 0.766667 0.033333 0.164815
0 0.469271 0.254630 0.037500 0.068519
0 0.980365 0.515370 0.029479 0.119259
0 0.572656 0.397222 0.019271 0.107407
0 0.927083 0.331944 0.031250 0.093519
0 0.993234 0.487389 0.013531 0.092833
