0 0.416745 0.440741 0.018594 0.083333
0 0.827604 0.381944 0.018750 0.067593
0 0.314466 0.246898 0.015464 0.046574
0 0.074479 0.400926 0.016667 0.070370
0 0.233073 0.322222 0.017188 0.057407
0 0.011198 0.538426 0.022396 0.091667
0 0.404823 0.263935 0.013594 0.048981
0 0.371615 0.337500 0.014063 0.062037
0 0.170833 0.481481 0.020833 0.087037
0 0.094271 0.397222 0.015625 0.077778
0 0.016406 0.445370 0.019271 0.083333
0 0.198958 0.374537 0.020833 0.069444
0 0.107292 0.488426 0.019792 0.082407
0 0.982031 0.682870 0.034896 0.123148
0 0.668750 0.481481 0.020833 0.090741
0 0.464323 0.443519 0.019271 0.081481
0 0.402604 0.548611 0.025000 0.091667
0 0.276562 0.753704 0.026042 0.127778
0 0.585677 0.522685 0.023438 0.091667
1 0.529167 0.779630 0.012500 0.020370
0 0.143828 0.710231 0.034219 0.124167
0 0.259635 0.488889 0.022396 0.083333
