0 0.524479 0.516204 0.034375 0.158333
0 0.681250 0.556944 0.046875 0.175000
0 0.385677 0.523148 0.036979 0.157407
0 0.621232 0.432569 0.024234 0.167380
0 0.597206 0.441644 0.029411 0.139287
0 0.605560 0.178560 0.027568 0.124750
1 0.418750 0.506417 0.011656 0.017611
0 0.645643 0.527176 0.041286 0.144352
0 0.591271 0.354083 0.025271 0.107204
0 0.550781 0.440278 0.032813 0.163889
0 0.681250 0.459722 0.034375 0.086111
0 0.566146 0.365741 0.030208 0.112963
0 0.487760 0.518056 0.038021 0.169444
0 0.621094 0.206481 0.026562 0.120370
0 0.395313 0.659259 0.045833 0.168519
0 0.578385 0.593519 0.054688 0.190741
0 0.736198 0.592130 0.035937 0.195370
0 0.421875 0.410648 0.026042 0.145370
0 0.413542 0.598148 0.035417 0.196296
0 0.224740 0.515278 0.044271 0.156481