0 0.561719 0.492593 0.014063 0.070370
0 0.187760 0.535185 0.019271 0.066667
0 0.260156 0.784259 0.040104 0.077778
0 0.935937 0.415278 0.018750 0.065741
0 0.604688 0.477778 0.015625 0.070370
0 0.095833 0.601389 0.020833 0.087963
0 0.459115 0.514815 0.021354 0.077778
0 0.600781 0.772685 0.026562 0.102778
0 0.654427 0.518981 0.024479 0.073148
0 0.654948 0.626389 0.027604 0.082407
0 0.491146 0.628704 0.025000 0.083333
0 0.340365 0.594444 0.019271 0.087037
0 0.115276 0.391361 0.015969 0.059259
1 0.474297 0.712500 0.011823 0.019444
0 0.968932 0.793657 0.044427 0.102130
0 0.233073 0.529630 0.019271 0.070370
0 0.416146 0.365602 0.011458 0.047870
0 0.250000 0.737500 0.021875 0.080556
0 0.446354 0.843981 0.030208 0.089815
0 0.479427 0.399537 0.011979 0.050926
0 0.237500 0.399537 0.013542 0.058333
0 0.398438 0.431944 0.015625 0.050926
0 0.720573 0.618056 0.030729 0.076852
