0 0.586458 0.684259 0.033333 0.101852
0 0.327604 0.798611 0.018750 0.067593
0 0.688542 0.433796 0.013542 0.067593
0 0.382812 0.503704 0.012500 0.074074
0 0.641927 0.692130 0.024479 0.104630
0 0.311979 0.462500 0.017708 0.065741
0 0.479948 0.379167 0.014063 0.050926
0 0.557552 0.376389 0.017188 0.063889
0 0.644792 0.582870 0.017708 0.091667
0 0.121094 0.391204 0.030729 0.065741
0 0.239844 0.361574 0.022396 0.054630
0 0.015625 0.814815 0.029167 0.137037
0 0.783333 0.479167 0.016667 0.082407
0 0.465885 0.900000 0.028646 0.148148
0 0.298698 0.770370 0.031771 0.109259
0 0.464062 0.518981 0.021875 0.069444
0 0.310937 0.634722 0.034375 0.091667
0 0.250781 0.608333 0.022396 0.107407
0 0.846094 0.543519 0.018229 0.081481
0 0.283333 0.459722 0.017708 0.078704
