0 0.485156 0.464352 0.017188 0.099074
0 0.973672 0.584907 0.033802 0.098704
0 0.624635 0.466204 0.014896 0.087963
0 0.006771 0.361111 0.013542 0.072222
1 0.364167 0.482870 0.006667 0.014630
0 0.638370 0.464986 0.014094 0.099380
0 0.143229 0.430556 0.018750 0.079630
0 0.772656 0.489352 0.023438 0.087963
0 0.913281 0.543519 0.021354 0.109259
0 0.861979 0.437963 0.017708 0.087037
0 0.344792 0.425000 0.018750 0.077778
0 0.459896 0.417130 0.014583 0.078704
0 0.287500 0.380093 0.017708 0.073148
0 0.956771 0.518519 0.021875 0.098148
0 0.542448 0.399537 0.014063 0.075000
0 0.380208 0.737500 0.051042 0.112037
0 0.368229 0.449537 0.020833 0.073148
0 0.006771 0.485648 0.013542 0.078704
0 0.756771 0.397222 0.013542 0.079630
0 0.060417 0.409722 0.015625 0.087963
0 0.591406 0.392593 0.014063 0.072222
0 0.775260 0.392130 0.013021 0.071296
0 0.349479 0.168981 0.018750 0.062037