1 0.331911 0.463023 0.006604 0.009361
0 0.171094 0.498472 0.019271 0.087685
0 0.965365 0.512963 0.025521 0.094444
0 0.125677 0.488426 0.030938 0.087963
0 0.077083 0.528241 0.025000 0.089815
0 0.007875 0.489546 0.015750 0.074074
0 0.507812 0.505093 0.027083 0.089815
0 0.015885 0.570833 0.031771 0.093519
0 0.364063 0.450926 0.016667 0.068519
0 0.379948 0.515278 0.022396 0.087963
0 0.511979 0.592130 0.038542 0.100926
0 0.557552 0.583796 0.034896 0.106481
0 0.321615 0.435648 0.025521 0.067593
0 0.403385 0.544907 0.028646 0.102778