0 0.480990 0.339352 0.015104 0.052778
0 0.399773 0.364431 0.016641 0.059694
0 0.023161 0.402181 0.013781 0.067046
0 0.530469 0.460185 0.014063 0.070370
0 0.716406 0.557870 0.018229 0.091667
0 0.154167 0.356944 0.014583 0.054630
0 0.283594 0.542593 0.017188 0.083333
0 0.034635 0.407870 0.018229 0.063889
0 0.341146 0.677778 0.022917 0.098148
0 0.440625 0.567130 0.016667 0.080556
0 0.395833 0.457870 0.015625 0.063889
0 0.298438 0.475926 0.017708 0.072222
0 0.251510 0.252130 0.012604 0.042222
0 0.380143 0.726968 0.036536 0.054954
0 0.804167 0.563889 0.013542 0.096296
0 0.742969 0.418056 0.015104 0.069444
0 0.231771 0.386111 0.017708 0.055556
0 0.218229 0.523611 0.019792 0.087963
0 0.532031 0.636111 0.019271 0.098148
0 0.010677 0.481481 0.015104 0.075926
0 0.159115 0.703704 0.016146 0.100000
0 0.408073 0.714815 0.024479 0.105556
