0 0.735938 0.618056 0.020833 0.095370
0 0.587760 0.507870 0.018229 0.076852
0 0.153906 0.631944 0.027604 0.102778
0 0.717708 0.471759 0.012500 0.065741
0 0.678906 0.476389 0.011979 0.065741
0 0.443490 0.348148 0.011979 0.051852
0 0.608594 0.422685 0.016146 0.069444
0 0.605469 0.533333 0.019271 0.051852
0 0.287760 0.486574 0.022396 0.087963
0 0.589583 0.618056 0.021875 0.099074
0 0.374219 0.548148 0.020313 0.090741
0 0.773958 0.913889 0.022917 0.159259
0 0.527604 0.419907 0.014583 0.071296
0 0.710156 0.809722 0.030729 0.117593
0 0.797396 0.473148 0.017708 0.085185
0 0.963281 0.390741 0.015104 0.066667
