0 0.447917 0.415741 0.021875 0.074074
0 0.336719 0.559722 0.017188 0.099074
0 0.418490 0.464815 0.028646 0.085185
0 0.031771 0.544444 0.018750 0.100000
0 0.334896 0.961111 0.032292 0.075926
0 0.611979 0.536111 0.018750 0.100000
1 0.588951 0.577435 0.007734 0.018907
0 0.083073 0.518056 0.023438 0.091667
0 0.210104 0.416852 0.016250 0.075556
0 0.034635 0.275000 0.015104 0.048148
0 0.263802 0.715278 0.032813 0.126852
0 0.721094 0.506944 0.021354 0.087963
0 0.605990 0.374074 0.028646 0.068519
0 0.014583 0.356019 0.014583 0.069444
0 0.004427 0.574074 0.008854 0.087037
0 0.201870 0.375546 0.012563 0.054981
0 0.149195 0.302519 0.011599 0.063574
0 0.577865 0.792130 0.028646 0.141667
0 0.263802 0.421759 0.023438 0.080556