0 0.166667 0.556019 0.016667 0.087963
0 0.419271 0.628704 0.017708 0.094444
0 0.219531 0.578704 0.025521 0.100000
0 0.067448 0.563426 0.017188 0.093519
0 0.328646 0.514352 0.015625 0.082407
0 0.431771 0.522222 0.014583 0.075926
0 0.462370 0.481019 0.008594 0.076852
0 0.477083 0.447222 0.014583 0.068519
0 0.486719 0.592593 0.016146 0.094444
0 0.472917 0.607407 0.017708 0.068519
0 0.649740 0.580093 0.019271 0.095370
0 0.276562 0.794444 0.023958 0.137037
0 0.368229 0.646759 0.020833 0.106481
0 0.765885 0.901389 0.031771 0.143519