0 0.095312 0.945370 0.030208 0.109259
0 0.598372 0.425204 0.014516 0.051611
0 0.430083 0.393148 0.015073 0.060537
0 0.339010 0.479074 0.014688 0.075185
0 0.793229 0.429630 0.017708 0.064815
0 0.588385 0.444444 0.017396 0.064815
0 0.466667 0.476111 0.016667 0.067037
0 0.389583 0.478657 0.017708 0.075833
0 0.333646 0.450417 0.014167 0.056389
0 0.414867 0.444009 0.018703 0.075926
0 0.465885 0.537963 0.023438 0.077778
0 0.940104 0.722685 0.034375 0.115741
0 0.296094 0.593056 0.019271 0.091667
0 0.187500 0.530556 0.016667 0.083333
0 0.566406 0.490278 0.015104 0.075000
0 0.298958 0.437500 0.019792 0.075000
0 0.608854 0.480093 0.016667 0.076852
0 0.669010 0.503241 0.017188 0.076852
0 0.680990 0.548611 0.019271 0.080556