0 0.511979 0.547824 0.017708 0.097500
0 0.158333 0.555093 0.016667 0.095370
0 0.481510 0.481481 0.023438 0.081481
0 0.206771 0.579167 0.026042 0.106481
0 0.300000 0.487963 0.027083 0.088889
0 0.241667 0.787963 0.022917 0.129630
0 0.370052 0.471759 0.024479 0.078704
0 0.833594 0.519444 0.021354 0.094444
0 0.107813 0.568981 0.026042 0.121296
0 0.027344 0.573148 0.029687 0.088889
0 0.354427 0.434722 0.015104 0.067593
0 0.351042 0.549074 0.018750 0.096296
0 0.200599 0.497986 0.018219 0.074454
0 0.169266 0.567926 0.019781 0.099370
0 0.252701 0.423426 0.023422 0.059444
1 0.797260 0.428722 0.011646 0.018407
0 0.216057 0.530644 0.015698 0.084176
0 0.176036 0.500310 0.015667 0.037139
0 0.184195 0.547056 0.021609 0.090963
0 0.226503 0.521667 0.019182 0.087278