0 0.528646 0.461574 0.016667 0.071296
0 0.639583 0.677315 0.026042 0.110185
0 0.983073 0.710648 0.030729 0.132407
0 0.655469 0.493519 0.022396 0.070370
0 0.835156 0.647685 0.033854 0.084259
0 0.407031 0.506019 0.020313 0.084259
0 0.563802 0.980093 0.025521 0.039815
0 0.460156 0.486111 0.022396 0.059259
0 0.402083 0.497685 0.030208 0.086111
0 0.479948 0.871296 0.032813 0.135185
0 0.364063 0.795833 0.021875 0.128704
0 0.851849 0.338704 0.015156 0.063333
0 0.351302 0.520833 0.023438 0.036111
0 0.617969 0.679167 0.023438 0.106481
0 0.590885 0.483333 0.027604 0.077778
0 0.537240 0.581019 0.030729 0.095370
0 0.491927 0.548148 0.023438 0.081481
0 0.385417 0.546296 0.021875 0.094444
0 0.128125 0.681481 0.021875 0.087037