0 0.316927 0.458333 0.019271 0.087037
0 0.251563 0.490741 0.038542 0.081481
0 0.671849 0.578505 0.023385 0.097435
0 0.541721 0.456741 0.015307 0.040111
0 0.546961 0.504009 0.021755 0.078778
0 0.147917 0.458796 0.029167 0.084259
0 0.505469 0.467593 0.019271 0.072222
0 0.523438 0.451389 0.014583 0.058333
0 0.554167 0.492593 0.021875 0.100000
0 0.693750 0.535648 0.020833 0.091667
0 0.355729 0.479630 0.015625 0.092593
0 0.577422 0.501852 0.014219 0.090741
0 0.521615 0.520463 0.036979 0.092593
0 0.644531 0.459722 0.019271 0.084259
0 0.340885 0.561574 0.025521 0.093519
0 0.660305 0.521588 0.019807 0.070528
0 0.592078 0.504366 0.019333 0.086657
1 0.495799 0.550556 0.011276 0.020056