0 0.077083 0.678241 0.023958 0.108333
0 0.116094 0.364398 0.013438 0.050833
0 0.625365 0.610648 0.013854 0.091667
0 0.506510 0.527778 0.016146 0.070370
0 0.350781 0.765741 0.021354 0.105556
0 0.761458 0.458333 0.012500 0.062963
0 0.517969 0.634259 0.018229 0.098148
0 0.631771 0.474537 0.012500 0.069444
0 0.346615 0.546759 0.015104 0.078704
0 0.104427 0.471296 0.020313 0.077778
0 0.543750 0.422685 0.014583 0.056481
0 0.200781 0.481481 0.018229 0.074074
0 0.703906 0.448148 0.014063 0.062963
0 0.347135 0.431019 0.013021 0.062037
0 0.796094 0.518981 0.016146 0.078704
0 0.172396 0.647222 0.019792 0.096296
0 0.880469 0.599537 0.022396 0.091667
0 0.815104 0.547685 0.016667 0.087963
0 0.521349 0.501111 0.010833 0.083426
1 0.511604 0.401648 0.004333 0.012833
0 0.497161 0.435014 0.011552 0.051343
0 0.493151 0.407824 0.012344 0.043426
0 0.371464 0.762037 0.024479 0.111111
