0 0.174740 0.485185 0.014063 0.061111
0 0.188542 0.601852 0.018750 0.079630
0 0.734375 0.488426 0.011458 0.062037
1 0.698008 0.530884 0.005370 0.011139
0 0.329688 0.541204 0.015625 0.078704
0 0.073698 0.787037 0.022396 0.112963
0 0.491406 0.579630 0.019271 0.077778
0 0.257292 0.799537 0.019792 0.117593
0 0.755729 0.599537 0.022917 0.069444
0 0.553125 0.587500 0.018750 0.063889
0 0.454948 0.468981 0.011979 0.056481
0 0.822396 0.610185 0.013542 0.081481
0 0.210938 0.562963 0.018750 0.066667
0 0.157552 0.440278 0.009896 0.049074