0 0.437161 0.551250 0.030885 0.083981
1 0.362935 0.536019 0.004776 0.008926
0 0.371094 0.556019 0.020313 0.087963
0 0.156284 0.790380 0.034193 0.127204
0 0.145286 0.718287 0.031198 0.099537
0 0.356510 0.508657 0.021354 0.077130
0 0.830208 0.862037 0.025000 0.129630
0 0.485417 0.563426 0.034375 0.075000
0 0.541927 0.458796 0.015104 0.067593
0 0.475260 0.518519 0.019271 0.079630
0 0.448177 0.431944 0.013021 0.063889
0 0.040885 0.612037 0.022396 0.100000
0 0.209115 0.493056 0.019271 0.076852
0 0.542448 0.700000 0.021354 0.114815
0 0.668750 0.912037 0.032292 0.151852
0 0.216667 0.632407 0.025000 0.111111
0 0.173177 0.495833 0.018229 0.082407
0 0.657552 0.647222 0.019271 0.101852
0 0.827083 0.707870 0.021875 0.117593
0 0.578125 0.518981 0.017708 0.080556
