1 0.345302 0.701171 0.009292 0.020491
0 0.569010 0.471759 0.020313 0.065741
0 0.866146 0.593056 0.029167 0.087963
0 0.771875 0.493519 0.017708 0.090741
0 0.111719 0.514352 0.020313 0.084259
0 0.832031 0.523148 0.019271 0.105556
0 0.632552 0.399537 0.016146 0.060185
0 0.362760 0.462037 0.016146 0.068519
0 0.187109 0.459537 0.015885 0.075556
0 0.031125 0.407398 0.016667 0.067593
0 0.050000 0.329630 0.015625 0.048148
0 0.829167 0.616204 0.019792 0.102778
0 0.614688 0.561009 0.026875 0.082407
0 0.014583 0.408333 0.018750 0.068519
0 0.230990 0.371296 0.017188 0.055556
0 0.105729 0.514815 0.032292 0.083333
0 0.184635 0.343981 0.018229 0.050926
0 0.192443 0.520319 0.016948 0.087509