0 0.590365 0.507407 0.018229 0.083333
0 0.617370 0.445370 0.014948 0.079630
0 0.640104 0.593981 0.018750 0.091667
0 0.752083 0.427315 0.016667 0.073148
0 0.868490 0.691204 0.034896 0.113889
0 0.951562 0.333333 0.011458 0.042593
0 0.468750 0.412500 0.018750 0.069444
0 0.222005 0.707176 0.022656 0.104167
0 0.595052 0.591667 0.018229 0.085185
0 0.329427 0.593981 0.030729 0.093519
0 0.217448 0.625000 0.028646 0.072222
0 0.845313 0.424537 0.016667 0.041667
0 0.634375 0.444907 0.015625 0.078704
0 0.923958 0.469444 0.018750 0.077778
0 0.280208 0.728241 0.022917 0.093519
0 0.653385 0.521296 0.020313 0.079630
0 0.470833 0.653704 0.029167 0.094444
0 0.775260 0.714352 0.023438 0.110185
