0 0.459870 0.587843 0.034635 0.082407
0 0.251875 0.439815 0.025417 0.075926
0 0.569792 0.475000 0.017708 0.074074
0 0.814844 0.437630 0.022396 0.075000
0 0.399479 0.349861 0.013542 0.074352
0 0.182943 0.271759 0.011198 0.039815
0 0.850000 0.494907 0.023958 0.078704
0 0.457552 0.709259 0.030729 0.114815
0 0.023958 0.597222 0.028125 0.098148
0 0.672396 0.500000 0.020833 0.088889
0 0.263802 0.731944 0.031771 0.126852
0 0.843490 0.715741 0.023438 0.111111
0 0.915365 0.653704 0.026562 0.103704
0 0.796354 0.431019 0.016667 0.080556
0 0.823698 0.741667 0.021354 0.111111
0 0.932813 0.633333 0.019792 0.092593
0 0.481771 0.589815 0.019792 0.085185
0 0.107552 0.399074 0.017188 0.068519
0 0.425521 0.367130 0.012500 0.062037
0 0.718750 0.342593 0.011458 0.053704
0 0.264323 0.717130 0.029687 0.095370
0 0.662807 0.301463 0.016177 0.055611
1 0.489445 0.633944 0.007578 0.015574