0 0.718464 0.547361 0.021406 0.079352
0 0.095521 0.557222 0.033958 0.086667
0 0.081250 0.676852 0.034375 0.096296
0 0.602083 0.616204 0.028125 0.099074
0 0.705937 0.512870 0.028542 0.064630
0 0.110937 0.456944 0.016667 0.069444
0 0.271094 0.621296 0.022396 0.088889
0 0.031250 0.507870 0.025000 0.075000
0 0.343490 0.529167 0.033854 0.076852
0 0.161719 0.646296 0.023438 0.094444
0 0.635677 0.566204 0.027604 0.078704
0 0.235937 0.581944 0.029167 0.075000
0 0.420516 0.391273 0.029094 0.062139
1 0.522536 0.473394 0.012000 0.010417
0 0.172396 0.526852 0.020833 0.075926
0 0.504687 0.438889 0.017708 0.062963