0 0.687846 0.484694 0.004859 0.044444
0 0.941146 0.515278 0.011458 0.045370
0 0.448177 0.503241 0.015104 0.060185
0 0.521354 0.498148 0.010417 0.031481
0 0.806510 0.494907 0.008854 0.045370
0 0.526823 0.560648 0.011979 0.049074
0 0.473438 0.527315 0.012500 0.067593
0 0.369531 0.550000 0.015104 0.057407
0 0.495052 0.527315 0.011979 0.043519
0 0.739583 0.500000 0.012500 0.044444
0 0.572135 0.516667 0.009896 0.048148
1 0.681266 0.501856 0.002979 0.007176
0 0.675305 0.486435 0.008422 0.042130
0 0.925000 0.514319 0.012500 0.039509
0 0.923958 0.479755 0.011802 0.041972
0 0.861805 0.463644 0.013891 0.044565
0 0.780904 0.476051 0.009026 0.024694
0 0.736120 0.435509 0.006927 0.032500
0 0.627432 0.453824 0.010417 0.037037
0 0.455555 0.549505 0.009724 0.058028