0 0.218229 0.687037 0.019792 0.116667
0 0.388542 0.472685 0.014583 0.067593
0 0.075331 0.349181 0.012630 0.054139
0 0.153068 0.505014 0.015615 0.076694
0 0.330833 0.506481 0.016875 0.064815
0 0.187500 0.531481 0.017708 0.081481
0 0.344578 0.518139 0.017708 0.077778
0 0.121875 0.396759 0.013542 0.060185
1 0.650469 0.497838 0.004656 0.009176
0 0.165885 0.353241 0.015104 0.052778
0 0.653125 0.469444 0.017708 0.068519
0 0.753385 0.580093 0.021354 0.089815
0 0.414323 0.482407 0.017188 0.075926
0 0.555990 0.463889 0.020313 0.062963
0 0.042188 0.675000 0.026042 0.098148
0 0.018229 0.435648 0.015625 0.071296
0 0.161667 0.529014 0.017865 0.082083
0 0.045052 0.438426 0.014063 0.069444
