0 0.758333 0.498611 0.015625 0.087963
0 0.049740 0.602315 0.025521 0.104630
0 0.096875 0.531481 0.019792 0.083333
0 0.880469 0.579167 0.021354 0.095370
0 0.545312 0.543519 0.018750 0.092593
0 0.416146 0.404583 0.015625 0.057500
0 0.938021 0.488426 0.016667 0.073148
0 0.139583 0.518519 0.022917 0.096296
0 0.607552 0.500000 0.024479 0.068519
0 0.445312 0.432407 0.013542 0.072222
0 0.520833 0.486574 0.018750 0.084259
0 0.369557 0.554907 0.018177 0.088333
0 0.302604 0.380093 0.012500 0.045370
0 0.157552 0.487963 0.016146 0.092593
0 0.208854 0.443981 0.020833 0.073148
0 0.579187 0.496722 0.022656 0.034389
0 0.593451 0.468046 0.020974 0.067870
0 0.371615 0.865741 0.032813 0.142593
0 0.605469 0.653704 0.025521 0.116667