0 0.302604 0.450926 0.015625 0.077778
0 0.316146 0.576389 0.021875 0.100926
0 0.051562 0.762500 0.036458 0.128704
0 0.762760 0.608750 0.024479 0.071389
0 0.076172 0.463426 0.016406 0.075000
0 0.102344 0.556944 0.023438 0.097222
0 0.396703 0.370065 0.013531 0.073759
0 0.758359 0.685630 0.025635 0.078722
0 0.065477 0.443514 0.017943 0.077676
1 0.745432 0.710389 0.007573 0.014167
0 0.659375 0.571759 0.028125 0.097222
0 0.403906 0.708796 0.018229 0.119444
0 0.583333 0.577315 0.017708 0.097222
0 0.242188 0.587037 0.018750 0.096296
