1 0.237177 0.597074 0.007250 0.014389
0 0.702214 0.595694 0.016406 0.082685
0 0.583594 0.600324 0.017188 0.080833
0 0.119792 0.381481 0.011458 0.040741
0 0.599010 0.391296 0.013333 0.056481
0 0.411276 0.485046 0.024323 0.070093
0 0.767188 0.930093 0.032292 0.134259
0 0.205469 0.566204 0.024479 0.084259
0 0.874219 0.780093 0.026562 0.117593
0 0.848698 0.612963 0.020313 0.098148
0 0.508333 0.740741 0.033333 0.105556
0 0.812240 0.700926 0.020313 0.100000
0 0.120052 0.711574 0.026562 0.110185
0 0.621094 0.758796 0.023438 0.112037
0 0.567708 0.545833 0.017708 0.087963
0 0.776042 0.501852 0.016667 0.070370
0 0.790625 0.532407 0.017708 0.074074
0 0.643750 0.536574 0.014583 0.078704
0 0.506510 0.629167 0.023438 0.086111
0 0.738802 0.457870 0.013021 0.063889
0 0.702953 0.544514 0.021365 0.039046