0 0.563802 0.553241 0.028646 0.093519
0 0.390104 0.548611 0.022917 0.095370
0 0.044792 0.222685 0.019792 0.060185
0 0.446615 0.453241 0.016146 0.058333
1 0.526044 0.432898 0.008151 0.014500
0 0.615885 0.477315 0.024479 0.078704
0 0.425781 0.465741 0.016146 0.079630
0 0.486198 0.446296 0.014063 0.072222
0 0.368490 0.479630 0.017188 0.062963
0 0.394063 0.415370 0.020417 0.067407
0 0.313542 0.537963 0.028125 0.085185
0 0.117188 0.595370 0.022917 0.094444
0 0.301563 0.456944 0.018750 0.062037
0 0.613281 0.578704 0.036979 0.092593