0 0.666146 0.403704 0.018750 0.081481
0 0.358073 0.550000 0.026562 0.092593
0 0.451042 0.479167 0.022917 0.099074
0 0.403906 0.421296 0.010937 0.079630
0 0.292448 0.530093 0.020313 0.093519
0 0.396594 0.417639 0.010740 0.072500
0 0.651042 0.541204 0.018750 0.104630
0 0.591927 0.581019 0.020313 0.097222
0 0.336719 0.587963 0.028646 0.105556
0 0.515625 0.425926 0.017708 0.079630
0 0.146094 0.457870 0.022396 0.087963
0 0.407813 0.688426 0.032292 0.108333
0 0.560156 0.554630 0.021354 0.105556
0 0.602083 0.703241 0.039583 0.100926
0 0.306250 0.451389 0.017708 0.087963
0 0.353646 0.453241 0.022917 0.076852