0 0.595313 0.391667 0.013542 0.064815
0 0.857031 0.474074 0.018229 0.079630
0 0.310781 0.408657 0.020104 0.073426
0 0.889323 0.408704 0.017188 0.071481
0 0.694531 0.548148 0.022396 0.092593
0 0.771875 0.587037 0.023958 0.105556
0 0.902865 0.454167 0.022396 0.086111
0 0.760677 0.387500 0.014063 0.056481
1 0.326023 0.441227 0.007276 0.012935
0 0.316021 0.354259 0.013458 0.067889
0 0.533154 0.375602 0.011349 0.069296
0 0.413802 0.486111 0.018229 0.085185
0 0.150521 0.645370 0.026042 0.111111
0 0.970573 0.450926 0.016146 0.077778
0 0.933073 0.425463 0.016146 0.075000
0 0.729167 0.413889 0.016667 0.072222