0 0.660521 0.504630 0.014375 0.090741
0 0.698177 0.527778 0.023438 0.088889
0 0.730990 0.542593 0.022396 0.083333
0 0.220052 0.529630 0.023438 0.087037
0 0.491927 0.484722 0.029687 0.084259
0 0.045573 0.427778 0.021354 0.077778
0 0.438542 0.442130 0.020833 0.075000
0 0.627344 0.504167 0.029687 0.093519
0 0.337031 0.508843 0.018854 0.078796
0 0.398073 0.456944 0.016979 0.082407
0 0.585807 0.486713 0.022135 0.080278
0 0.512552 0.475556 0.021979 0.078519
0 0.646260 0.510130 0.027500 0.077056
0 0.513003 0.417194 0.019307 0.032241
0 0.526102 0.463310 0.020651 0.072528
0 0.409682 0.458468 0.018354 0.081898
0 0.354615 0.529347 0.025573 0.094213
0 0.774906 0.448815 0.027500 0.070426