0 0.472570 0.607532 0.009026 0.050620
0 0.490279 0.600741 0.009724 0.041981
0 0.506945 0.603824 0.009724 0.048148
0 0.518750 0.606296 0.008333 0.045685
0 0.529516 0.615495 0.010417 0.044565
0 0.562500 0.610616 0.011115 0.049380
0 0.615625 0.609384 0.011802 0.056787
0 0.590885 0.610185 0.010937 0.046296
0 0.669792 0.605556 0.009375 0.048148
0 0.646094 0.610185 0.009896 0.051852
0 0.403646 0.600926 0.015625 0.059259
0 0.630208 0.609722 0.009375 0.049074
0 0.416146 0.604630 0.011458 0.050000
0 0.400260 0.601852 0.016146 0.057407
0 0.573620 0.609722 0.006927 0.045370
1 0.490279 0.629755 0.005557 0.013583
0 0.427430 0.593954 0.009026 0.040741
0 0.435755 0.606296 0.007656 0.048148
0 0.447214 0.607514 0.009740 0.048120
0 0.459029 0.609384 0.009724 0.054324
0 0.541667 0.605681 0.008333 0.046917
0 0.551031 0.606296 0.011792 0.048148