0 0.915104 0.536111 0.026042 0.116667
0 0.698958 0.566204 0.026042 0.121296
0 0.241927 0.497685 0.024479 0.123148
0 0.688281 0.764352 0.042188 0.152778
0 0.469531 0.594444 0.022396 0.122222
0 0.217747 0.112384 0.012536 0.044009
0 0.300964 0.246398 0.014635 0.073130
1 0.568732 0.856556 0.013922 0.021722
0 0.405729 0.422222 0.023958 0.096296
0 0.311120 0.234861 0.016302 0.071574
0 0.074479 0.727315 0.030208 0.123148
0 0.821094 0.272222 0.016146 0.074074
0 0.563542 0.544444 0.017708 0.111111
0 0.704167 0.297222 0.018750 0.075926
0 0.592187 0.444907 0.020833 0.091667
0 0.962500 0.387500 0.019792 0.086111
0 0.343490 0.354630 0.020313 0.088889
0 0.359115 0.507870 0.024479 0.106481
0 0.498177 0.343056 0.018229 0.086111