0 0.322779 0.489454 0.023578 0.093519
0 0.292604 0.518787 0.015521 0.087019
0 0.495312 0.481944 0.026042 0.084259
0 0.309268 0.467884 0.021589 0.034528
1 0.504500 0.318870 0.009698 0.012593
0 0.231250 0.502315 0.026042 0.086111
0 0.413021 0.506944 0.029167 0.099074
0 0.544010 0.531944 0.021354 0.091667
0 0.618750 0.566204 0.030208 0.100926
0 0.571354 0.558796 0.023958 0.082407
0 0.357031 0.510648 0.020313 0.089815
0 0.458594 0.524074 0.023438 0.096296
0 0.306198 0.521912 0.016562 0.085676
0 0.212240 0.511111 0.021354 0.083333
0 0.258073 0.473611 0.020313 0.086111
0 0.164062 0.600000 0.022917 0.114815