0 0.602865 0.545370 0.019271 0.114815
0 0.337500 0.627315 0.023958 0.115741
0 0.558333 0.766667 0.038542 0.140741
0 0.530990 0.462037 0.025521 0.079630
0 0.260937 0.783796 0.034375 0.139815
1 0.606495 0.407759 0.006885 0.011037
0 0.234896 0.558796 0.018750 0.108333
0 0.023958 0.633333 0.036458 0.129630
0 0.586458 0.506481 0.022917 0.100000
0 0.271354 0.566667 0.023958 0.107407
0 0.407552 0.614352 0.027604 0.110185
0 0.103125 0.835648 0.041667 0.145370
0 0.599479 0.445370 0.023958 0.096296
0 0.162760 0.619907 0.028646 0.115741
0 0.199740 0.817593 0.052604 0.150000
