0 0.425260 0.604167 0.021354 0.086111
0 0.259375 0.510185 0.017708 0.083333
0 0.472557 0.523037 0.015562 0.050741
1 0.624180 0.596759 0.016026 0.021648
0 0.794792 0.571759 0.022917 0.078704
0 0.707031 0.576852 0.019271 0.074074
0 0.082552 0.843056 0.044271 0.128704
0 0.031771 0.842593 0.029167 0.137037
0 0.648438 0.760185 0.025000 0.083333
0 0.073438 0.621296 0.021875 0.083333
0 0.851823 0.966667 0.026562 0.062963
0 0.245833 0.439815 0.015625 0.062963
0 0.469271 0.723611 0.033333 0.091667
0 0.412240 0.511111 0.015104 0.083333
0 0.465482 0.505264 0.018516 0.083361
0 0.558073 0.460185 0.016146 0.074074
0 0.481953 0.562824 0.021510 0.066944