0 0.603906 0.450926 0.022396 0.074074
0 0.561719 0.400000 0.022396 0.057407
0 0.351328 0.394718 0.025271 0.073157
0 0.416667 0.367764 0.021656 0.073157
0 0.567552 0.402995 0.018771 0.056602
0 0.366849 0.363847 0.011552 0.078417
0 0.767534 0.379250 0.031766 0.063019
1 0.564750 0.422681 0.005344 0.009620
0 0.497656 0.648148 0.024479 0.105556
0 0.876302 0.537500 0.033854 0.100926
0 0.398698 0.650926 0.034896 0.118519
0 0.397893 0.413259 0.036099 0.079704
0 0.959635 0.524074 0.022396 0.090741
0 0.858594 0.427315 0.021354 0.071296
0 0.183594 0.500926 0.029687 0.094444
0 0.226042 0.429630 0.016667 0.077778
0 0.418229 0.481019 0.021875 0.086111
0 0.755990 0.373148 0.033854 0.061111
0 0.991146 0.697685 0.016667 0.113889
0 0.004167 0.353241 0.008333 0.049074
