0 0.221875 0.577315 0.035417 0.100926
0 0.377865 0.449259 0.023438 0.088519
0 0.836198 0.445648 0.023438 0.078333
0 0.084635 0.694398 0.040104 0.127870
0 0.758333 0.669444 0.023958 0.112963
0 0.833073 0.529630 0.014063 0.090741
0 0.846354 0.662037 0.029167 0.124074
0 0.004167 0.588889 0.008333 0.101852
0 0.696146 0.511157 0.014167 0.086944
0 0.803385 0.446296 0.014063 0.075926
0 0.070833 0.381944 0.015625 0.065741
0 0.358333 0.418981 0.013542 0.073148
0 0.763802 0.496296 0.017188 0.088889
0 0.505341 0.484477 0.022370 0.031806
1 0.313510 0.393653 0.007521 0.012306
0 0.403125 0.469907 0.014583 0.078704
0 0.665625 0.562963 0.019792 0.090741
0 0.707708 0.476245 0.016146 0.089176
0 0.020833 0.356481 0.015625 0.051852
