0 0.692187 0.508333 0.031250 0.079630
0 0.688802 0.800000 0.029687 0.109259
0 0.416667 0.575463 0.029167 0.073148
0 0.977031 0.368611 0.015521 0.046111
0 0.890625 0.644306 0.022917 0.088796
1 0.117320 0.650644 0.007891 0.014065
0 0.486719 0.462500 0.026562 0.073148
0 0.849479 0.777778 0.033333 0.114815
0 0.882552 0.603241 0.031771 0.087963
0 0.536719 0.766204 0.030729 0.117593
0 0.794792 0.504167 0.044792 0.093519
0 0.208854 0.634259 0.025000 0.088889
0 0.339323 0.609722 0.029687 0.091667
0 0.904167 0.711574 0.027083 0.113889
0 0.726562 0.507870 0.017708 0.082407
