0 0.306510 0.538889 0.028646 0.081481
0 0.777474 0.515278 0.029948 0.076852
0 0.476578 0.637694 0.027083 0.065741
0 0.282813 0.665278 0.027083 0.106481
0 0.343490 0.689815 0.023438 0.107407
0 0.410156 0.343519 0.021354 0.046296
0 0.816927 0.638426 0.041146 0.093519
0 0.677083 0.429630 0.015625 0.053704
0 0.864583 0.398611 0.019792 0.065741
0 0.540625 0.438889 0.018750 0.070370
0 0.488542 0.416667 0.019792 0.062963
0 0.898438 0.481019 0.019792 0.082407
0 0.703906 0.486574 0.021354 0.062037
0 0.521875 0.489352 0.029167 0.076852
0 0.840625 0.483333 0.018750 0.066667
0 0.808073 0.403704 0.017188 0.062963
0 0.387760 0.461574 0.031771 0.069444
0 0.963802 0.531019 0.023438 0.078704