0 0.641146 0.786574 0.043750 0.063889
0 0.019271 0.756481 0.038542 0.144444
0 0.124219 0.780556 0.041146 0.125926
0 0.904167 0.431019 0.019792 0.089815
0 0.393229 0.385648 0.020833 0.080556
0 0.704427 0.768981 0.051562 0.106481
0 0.204167 0.330093 0.026042 0.067593
0 0.459115 0.586111 0.021354 0.096296
0 0.636458 0.358796 0.015625 0.067593
0 0.871354 0.438426 0.018750 0.084259
0 0.596615 0.300926 0.014063 0.059259
0 0.540365 0.317130 0.016146 0.060185
0 0.800781 0.405093 0.017188 0.080556
0 0.658594 0.716204 0.023438 0.119444
0 0.829948 0.331481 0.014063 0.062963
0 0.168490 0.324537 0.015104 0.073148
0 0.160677 0.417593 0.020313 0.075926
1 0.554776 0.833792 0.013719 0.026954
0 0.555469 0.447222 0.017188 0.074074
0 0.805208 0.335370 0.013854 0.065185
