0 0.045573 0.687963 0.027604 0.153704
0 0.345573 0.623611 0.040104 0.125000
0 0.860156 0.423611 0.017188 0.102778
0 0.024740 0.702778 0.019271 0.144444
0 0.299740 0.625926 0.034896 0.120370
0 0.297135 0.294444 0.017188 0.088889
0 0.830208 0.678704 0.032292 0.140741
0 0.553385 0.418519 0.022396 0.098148
0 0.764844 0.428704 0.024479 0.096296
0 0.724219 0.632407 0.022396 0.131481
0 0.127865 0.516204 0.022396 0.102778
0 0.771875 0.796759 0.034375 0.171296
0 0.545573 0.801389 0.028646 0.162037
0 0.408854 0.137037 0.018750 0.051852
0 0.504167 0.523611 0.020833 0.117593
1 0.426802 0.609917 0.010687 0.017611
0 0.370833 0.684259 0.035417 0.146296
0 0.383594 0.218519 0.019271 0.074074
