0 0.822917 0.515741 0.014583 0.068519
0 0.753974 0.409083 0.021906 0.038204
0 0.740461 0.369310 0.017245 0.038194
0 0.707599 0.397523 0.011188 0.044750
0 0.702706 0.447199 0.011651 0.056435
1 0.327099 0.523032 0.006010 0.010306
0 0.622135 0.452546 0.010937 0.051389
0 0.430990 0.351065 0.013021 0.041574
0 0.760391 0.442824 0.014635 0.047685
0 0.448437 0.630093 0.019792 0.078704
0 0.314844 0.500463 0.018229 0.065741
0 0.956510 0.394907 0.015104 0.052778
0 0.903125 0.447685 0.016667 0.058333
0 0.534115 0.479630 0.016146 0.062963
0 0.854948 0.390741 0.010937 0.048148
0 0.718750 0.477315 0.012500 0.060185
0 0.342708 0.427315 0.013542 0.050926
0 0.753385 0.543519 0.014063 0.072222
0 0.807292 0.591667 0.019792 0.072222
0 0.495573 0.504167 0.021354 0.052778