0 0.764583 0.659259 0.020833 0.101852
0 0.674479 0.531019 0.022917 0.075000
0 0.961979 0.686574 0.023958 0.106481
0 0.284635 0.475463 0.023438 0.076852
0 0.460417 0.722222 0.023958 0.122222
1 0.315227 0.499042 0.006620 0.014435
0 0.851562 0.624074 0.020833 0.112963
0 0.926823 0.472222 0.019271 0.068519
0 0.791146 0.547222 0.015625 0.088889
0 0.863021 0.401389 0.012500 0.069444
0 0.444896 0.319213 0.014792 0.050463
0 0.745833 0.356019 0.014583 0.058333
0 0.925260 0.775926 0.029687 0.070370
0 0.959115 0.962500 0.031771 0.075000
0 0.479167 0.529167 0.019792 0.086111
0 0.808594 0.555556 0.016146 0.088889