0 0.292448 0.486111 0.031771 0.079630
0 0.588542 0.442593 0.016667 0.068519
0 0.991146 0.398611 0.016667 0.069444
0 0.657945 0.395505 0.020984 0.073417
0 0.635677 0.440741 0.014063 0.066667
0 0.538542 0.398148 0.013542 0.064815
0 0.559104 0.415750 0.025635 0.032315
1 0.419505 0.385051 0.005594 0.012509
0 0.759896 0.447222 0.014583 0.066667
0 0.430208 0.356019 0.016667 0.050926
0 0.994349 0.487037 0.010260 0.081481
0 0.456771 0.748148 0.023958 0.109259
0 0.387240 0.668519 0.024479 0.107407
0 0.845313 0.429630 0.015625 0.072222
0 0.883333 0.385185 0.013542 0.061111
0 0.375781 0.448611 0.020313 0.071296
0 0.333854 0.440278 0.020833 0.073148
0 0.725781 0.393056 0.018229 0.065741
0 0.983073 0.485185 0.017188 0.077778