0 0.745573 0.446759 0.020313 0.078704
0 0.660417 0.429630 0.022917 0.090741
0 0.622656 0.623148 0.033854 0.111111
1 0.227602 0.709583 0.009401 0.017944
0 0.832292 0.817130 0.050000 0.130556
0 0.953490 0.764491 0.021146 0.134537
0 0.478125 0.386574 0.018750 0.084259
0 0.287760 0.675926 0.030729 0.129630
0 0.551302 0.580556 0.027604 0.114815
0 0.220312 0.664352 0.034375 0.104630
0 0.474740 0.739352 0.034896 0.128704
0 0.832292 0.426389 0.018750 0.089815
0 0.425260 0.618981 0.029687 0.108333
0 0.732812 0.558796 0.034375 0.100926
0 0.376042 0.762037 0.036458 0.124074
0 0.459115 0.621759 0.020313 0.113889
