0 0.899740 0.538426 0.021354 0.084259
0 0.673438 0.432870 0.013542 0.067593
0 0.320833 0.594907 0.025000 0.102778
0 0.293229 0.589815 0.016667 0.087037
0 0.845833 0.781944 0.020833 0.123148
0 0.988542 0.627315 0.019792 0.100926
0 0.255729 0.494444 0.018750 0.077778
0 0.095833 0.548148 0.018750 0.087037
0 0.564844 0.434259 0.020313 0.070370
0 0.218750 0.502315 0.020833 0.084259
0 0.444271 0.514352 0.015625 0.087963
0 0.566927 0.834722 0.019271 0.136111
0 0.666146 0.552315 0.021875 0.089815
0 0.516146 0.570833 0.022917 0.100926
0 0.354167 0.756481 0.023958 0.114815
0 0.340625 0.509583 0.019792 0.037685
0 0.397656 0.523148 0.020313 0.079630
0 0.337135 0.335694 0.016354 0.045278
0 0.731477 0.603060 0.023172 0.104880
0 0.300164 0.486981 0.023339 0.085852
0 0.322703 0.537060 0.017708 0.080139
0 0.341193 0.567111 0.021771 0.088722