0 0.387565 0.470315 0.009630 0.066333
0 0.856771 0.514352 0.022917 0.073148
0 0.162500 0.854630 0.034375 0.133333
0 0.667969 0.502315 0.019271 0.071296
0 0.683594 0.654167 0.061979 0.099074
0 0.453802 0.508935 0.016354 0.073426
0 0.378906 0.476852 0.011979 0.074074
0 0.346068 0.427917 0.012969 0.060833
0 0.234961 0.430120 0.022474 0.075000
0 0.442943 0.553380 0.019531 0.085833
0 0.004427 0.407407 0.008854 0.053704
0 0.006250 0.664352 0.012500 0.082407
0 0.017188 0.628241 0.026042 0.087963
0 0.648177 0.442593 0.017188 0.055556
0 0.040104 0.465741 0.018750 0.074074
0 0.501563 0.520370 0.020833 0.085185
0 0.622656 0.514352 0.014063 0.060185
1 0.692031 0.413130 0.008438 0.015759
0 0.712768 0.493338 0.024172 0.081639