0 0.523878 0.445088 0.016224 0.086639
1 0.240435 0.455162 0.006672 0.011120
0 0.205469 0.311111 0.015104 0.061111
0 0.848177 0.588426 0.021354 0.108333
0 0.867188 0.345370 0.013542 0.066667
0 0.588281 0.359722 0.022396 0.073148
0 0.806771 0.321759 0.013542 0.063889
0 0.816406 0.423611 0.032813 0.076852
0 0.181250 0.647222 0.023958 0.114815
0 0.882292 0.546296 0.022917 0.098148
0 0.231771 0.416667 0.022917 0.090741
0 0.563802 0.480093 0.019271 0.089815
0 0.697187 0.433519 0.016042 0.077407
0 0.475000 0.526852 0.018750 0.101852
0 0.683854 0.403241 0.017708 0.078704
0 0.465625 0.344444 0.017708 0.072222
0 0.976042 0.435648 0.025000 0.084259
