0 0.722396 0.684259 0.040625 0.111111
0 0.617708 0.561574 0.020833 0.082407
0 0.508073 0.255093 0.015104 0.050926
0 0.452604 0.585648 0.026042 0.071296
0 0.444531 0.652778 0.027604 0.107407
0 0.538802 0.687963 0.030729 0.090741
0 0.959896 0.353704 0.018750 0.066667
0 0.866927 0.400463 0.025521 0.069444
0 0.421615 0.655556 0.020313 0.100000
0 0.988802 0.428704 0.021354 0.081481
0 0.284635 0.438889 0.019271 0.079630
0 0.404948 0.535185 0.021354 0.094444
0 0.501302 0.525463 0.027604 0.091667
0 0.457292 0.310648 0.018750 0.063889
0 0.227083 0.690278 0.023958 0.119444
0 0.634375 0.601389 0.022917 0.099074
0 0.218750 0.539352 0.017708 0.093519
0 0.648958 0.500000 0.021875 0.087037
1 0.502932 0.657333 0.009667 0.017185
0 0.515495 0.202005 0.013531 0.041231