0 0.476823 0.438426 0.023438 0.071296
0 0.754167 0.497222 0.012500 0.081481
0 0.320573 0.375463 0.010937 0.056481
0 0.279948 0.426389 0.017188 0.071296
0 0.490016 0.406778 0.017323 0.066741
0 0.579948 0.388426 0.014063 0.063889
0 0.607659 0.427620 0.018599 0.061074
0 0.621714 0.497134 0.012177 0.079065
0 0.378646 0.466204 0.015625 0.069444
0 0.531406 0.347546 0.010729 0.054352
0 0.833333 0.368981 0.013542 0.060185
0 0.247396 0.775000 0.035417 0.111111
0 0.448958 0.428704 0.015625 0.068519
0 0.627078 0.434940 0.014823 0.070324
0 0.664656 0.497356 0.017687 0.087898
0 0.541172 0.353593 0.011469 0.055981
1 0.331250 0.792130 0.011458 0.021296
0 0.718229 0.564352 0.016667 0.082407
0 0.405469 0.468056 0.014063 0.076852
0 0.820052 0.686574 0.025521 0.110185
0 0.008594 0.600000 0.017188 0.094444
0 0.633594 0.398148 0.015104 0.074074
0 0.509115 0.410648 0.011979 0.034259