0 0.473958 0.651852 0.030208 0.096296
0 0.638281 0.443056 0.018229 0.078704
0 0.980469 0.631944 0.031771 0.102778
0 0.271065 0.471755 0.014536 0.077528
0 0.116146 0.429630 0.018750 0.072222
0 0.064844 0.453704 0.020313 0.081481
0 0.146094 0.450463 0.017188 0.071296
0 0.471234 0.329611 0.016771 0.059648
0 0.337240 0.573657 0.033854 0.097130
0 0.319151 0.284889 0.012302 0.045704
1 0.854583 0.682407 0.010625 0.020370
0 0.261003 0.355454 0.014536 0.067593
0 0.511492 0.356449 0.021245 0.065602
0 0.192708 0.699074 0.027083 0.109259
0 0.562760 0.622222 0.027604 0.090741
0 0.019271 0.495833 0.026042 0.073148
0 0.183854 0.565278 0.023958 0.086111
0 0.422589 0.433981 0.024604 0.073556
0 0.259896 0.763426 0.026042 0.121296
0 0.892969 0.435185 0.023438 0.077778
0 0.432656 0.402171 0.015656 0.065602
