0 0.480469 0.522685 0.023438 0.078704
0 0.673177 0.905093 0.028646 0.141667
0 0.331250 0.876852 0.036458 0.142593
0 0.570599 0.456125 0.013906 0.032194
0 0.508638 0.500375 0.016714 0.071176
0 0.399219 0.601852 0.019271 0.094444
0 0.549740 0.486111 0.020313 0.087037
0 0.281510 0.784259 0.025521 0.131481
0 0.370833 0.729630 0.027083 0.114815
0 0.322396 0.568056 0.034375 0.093519
0 0.640365 0.454167 0.021354 0.078704
0 0.428125 0.537037 0.018750 0.094444
0 0.729427 0.583333 0.019271 0.101852
0 0.500492 0.502194 0.014255 0.063889
0 0.494786 0.556227 0.017865 0.092139
0 0.689495 0.636944 0.024479 0.104630
0 0.563266 0.495556 0.017844 0.079259
0 0.692969 0.554815 0.023438 0.072593
0 0.517500 0.553704 0.026458 0.092593
0 0.816146 0.369907 0.014583 0.052778
0 0.241667 0.491667 0.034375 0.070370
