0 0.715104 0.462500 0.030208 0.086111
0 0.594531 0.422222 0.023438 0.081481
0 0.441406 0.472685 0.019271 0.082407
0 0.566146 0.375463 0.016667 0.076852
0 0.551823 0.491667 0.025521 0.098148
0 0.911719 0.496759 0.026562 0.104630
0 0.374740 0.468519 0.025521 0.088889
0 0.464062 0.515741 0.020833 0.103704
1 0.541896 0.416894 0.004854 0.015343
0 0.692628 0.423125 0.020495 0.085324
0 0.714201 0.289384 0.017255 0.063269
0 0.395313 0.397222 0.020833 0.079630
0 0.679661 0.418056 0.017760 0.093519
0 0.990625 0.513426 0.017708 0.084259
0 0.547656 0.395833 0.023438 0.052778
0 0.457292 0.400463 0.015625 0.076852