0 0.505208 0.437500 0.013542 0.073148
0 0.394010 0.524537 0.021354 0.076852
0 0.632812 0.643981 0.028125 0.106481
0 0.903828 0.510185 0.014323 0.068148
0 0.746615 0.603704 0.031771 0.088889
1 0.397398 0.470273 0.005724 0.009620
0 0.625695 0.521421 0.024495 0.094194
0 0.652344 0.393056 0.011979 0.058333
0 0.407031 0.439537 0.016146 0.058704
0 0.005469 0.722222 0.010937 0.085185
0 0.097917 0.478241 0.014583 0.075000
0 0.529687 0.228241 0.015625 0.056481
0 0.720573 0.833796 0.036979 0.132407
0 0.911198 0.587037 0.020313 0.096296
0 0.252344 0.598148 0.029687 0.103704
0 0.639323 0.466204 0.015104 0.075000
0 0.711458 0.429630 0.013542 0.064815
0 0.342448 0.503241 0.025521 0.078704
0 0.339323 0.427778 0.011979 0.057407
0 0.975521 0.580556 0.019792 0.098148
