0 0.794792 0.470370 0.025000 0.072222
0 0.723177 0.599074 0.024479 0.087037
1 0.545029 0.830005 0.015161 0.018102
0 0.938281 0.697222 0.036979 0.107407
0 0.283073 0.566204 0.024479 0.089815
0 0.324479 0.687500 0.030208 0.110185
0 0.694271 0.870833 0.025000 0.121296
0 0.152604 0.491667 0.018750 0.090741
0 0.380469 0.650000 0.023438 0.100000
0 0.032552 0.475926 0.017188 0.087037
0 0.709635 0.467130 0.017188 0.071296
0 0.463542 0.382870 0.013542 0.067593
0 0.669531 0.693519 0.025521 0.090741
0 0.774740 0.647685 0.025521 0.093519
0 0.659635 0.393981 0.014063 0.067593
0 0.891667 0.619444 0.021875 0.107407
0 0.604167 0.397685 0.013542 0.062037
0 0.744271 0.486574 0.023958 0.080556
0 0.554948 0.382407 0.023438 0.061111
0 0.907031 0.607407 0.019271 0.109259
0 0.543229 0.484722 0.018750 0.075000
0 0.044010 0.323148 0.015104 0.044444
0 0.547578 0.330602 0.014219 0.055463
