0 0.667188 0.406481 0.013542 0.062963
0 0.201823 0.626389 0.029687 0.093519
0 0.026042 0.654630 0.022917 0.105556
0 0.499005 0.477023 0.027604 0.083861
0 0.313047 0.505278 0.027031 0.076481
0 0.109245 0.544398 0.022135 0.091574
0 0.387760 0.617130 0.023438 0.089815
0 0.655990 0.706019 0.027604 0.119444
0 0.628906 0.818519 0.028646 0.131481
0 0.092708 0.444583 0.020833 0.065093
0 0.165885 0.512037 0.025521 0.083333
0 0.722917 0.429630 0.014583 0.066667
0 0.771823 0.522449 0.027958 0.087472
0 0.497234 0.530301 0.026948 0.087676
0 0.245065 0.321560 0.019120 0.055861
0 0.520156 0.503565 0.032542 0.021870
1 0.322680 0.523889 0.008089 0.011500
0 0.318229 0.467593 0.017708 0.120370
0 0.247135 0.435185 0.029687 0.061111
0 0.096401 0.503213 0.018229 0.076852