0 0.762500 0.491204 0.016667 0.076852
0 0.216146 0.449074 0.015625 0.068519
0 0.592448 0.387037 0.013021 0.061111
0 0.879687 0.463889 0.013542 0.057407
0 0.232813 0.602315 0.027083 0.089815
0 0.919792 0.524537 0.021875 0.076852
0 0.791146 0.503704 0.020833 0.074074
0 0.537500 0.499537 0.016667 0.065741
0 0.386458 0.511574 0.016667 0.080556
0 0.581615 0.467593 0.019479 0.070370
0 0.858073 0.513889 0.014063 0.072222
0 0.923904 0.477644 0.015932 0.025083
0 0.590044 0.447741 0.013234 0.060759
0 0.707292 0.465741 0.015625 0.061111
1 0.329427 0.616667 0.010937 0.018519
0 0.497135 0.482870 0.014063 0.071296
0 0.666146 0.412500 0.012500 0.052778
0 0.169531 0.383287 0.009896 0.055463
0 0.788542 0.405093 0.018750 0.082407