0 0.601562 0.655556 0.023958 0.122222
0 0.330990 0.727315 0.023438 0.125000
0 0.982031 0.597222 0.022396 0.103704
0 0.717969 0.447685 0.030729 0.069444
1 0.437211 0.541106 0.007255 0.012380
0 0.261719 0.458333 0.023438 0.090741
0 0.508594 0.524537 0.020313 0.093519
0 0.427974 0.505815 0.024479 0.085185
0 0.449479 0.461481 0.021875 0.015185
0 0.675568 0.307824 0.017188 0.060648
0 0.450521 0.471759 0.021875 0.147222
0 0.713021 0.599537 0.027083 0.106481
0 0.773438 0.407407 0.015625 0.074074
0 0.221615 0.549074 0.020313 0.094444
0 0.652865 0.657870 0.030729 0.110185
0 0.922656 0.637037 0.033854 0.109259
0 0.739062 0.591667 0.031250 0.111111