0 0.137385 0.331968 0.029760 0.147028
0 0.481760 0.049884 0.027229 0.099769
0 0.396484 0.328458 0.029729 0.164639
0 0.217339 0.331606 0.033021 0.154991
0 0.588839 0.235796 0.029719 0.140870
0 0.133521 0.681380 0.046115 0.211833
0 0.236784 0.175069 0.031380 0.118787
0 0.320536 0.135931 0.021917 0.120139
0 0.758615 0.435449 0.033688 0.175287
0 0.467112 0.182829 0.028703 0.138861
0 0.486956 0.291903 0.045255 0.144769
0 0.417784 0.367417 0.034839 0.151500
1 0.602922 0.810889 0.017906 0.030815
0 0.020125 0.370273 0.040250 0.153009
0 0.005500 0.274088 0.010896 0.088046
0 0.636820 0.772495 0.065536 0.224472
