0 0.778971 0.329727 0.019880 0.086546
1 0.593828 0.240074 0.004635 0.007778
0 0.580841 0.501167 0.027328 0.113056
0 0.621727 0.473574 0.021620 0.106981
0 0.967839 0.434569 0.022687 0.104713
0 0.144492 0.484046 0.031661 0.117778
0 0.909943 0.282069 0.018063 0.076731
0 0.296323 0.299093 0.017781 0.076944
0 0.686357 0.362319 0.017016 0.089046
0 0.765646 0.400875 0.023708 0.102157
0 0.858958 0.282935 0.015521 0.076778
0 0.918260 0.536130 0.023979 0.118574
0 0.443542 0.370736 0.019937 0.083917
0 0.434643 0.248185 0.010776 0.059204
0 0.588466 0.216241 0.021714 0.056759
0 0.438635 0.323347 0.016302 0.077306
0 0.636799 0.257644 0.014474 0.061824
0 0.267628 0.220875 0.011109 0.053120
0 0.644289 0.219843 0.012589 0.045074
