0 0.159453 0.392634 0.024927 0.118194
0 0.641549 0.388597 0.023599 0.110935
0 0.890521 0.390454 0.021917 0.115574
0 0.813570 0.393593 0.022005 0.114426
0 0.267745 0.310134 0.027917 0.088380
0 0.566693 0.416588 0.022562 0.117194
0 0.642617 0.242731 0.023661 0.084870
0 0.685781 0.321630 0.020823 0.091111
0 0.805133 0.758500 0.036536 0.195981
0 0.219448 0.236282 0.016375 0.080083
0 0.483422 0.560653 0.033562 0.148694
0 0.758688 0.653921 0.034323 0.163750
0 0.816977 0.261764 0.024516 0.070972
1 0.617086 0.279903 0.008089 0.013046
