0 0.648536 0.357810 0.017167 0.076028
0 0.534484 0.513898 0.022552 0.110537
0 0.578253 0.436352 0.019172 0.086204
0 0.777654 0.557421 0.022307 0.111528
0 0.205422 0.375755 0.021552 0.076750
0 0.020292 0.665366 0.027323 0.142935
0 0.443534 0.335236 0.015870 0.067565
0 0.755583 0.400384 0.018146 0.082657
0 0.624758 0.456171 0.019089 0.091120
0 0.709458 0.337676 0.015094 0.065722
0 0.939083 0.394644 0.018906 0.091083
0 0.340646 0.324458 0.013260 0.061157
0 0.792589 0.289222 0.013135 0.058481
0 0.750930 0.268292 0.012328 0.056046
0 0.306531 0.272870 0.017177 0.053204
0 0.937716 0.348898 0.018359 0.027796
0 0.650674 0.319194 0.015536 0.029815
