0 0.547956 0.494806 0.024641 0.128907
0 0.206193 0.546639 0.034062 0.122148
0 0.335805 0.309981 0.025464 0.089407
0 0.850961 0.213505 0.019724 0.074306
0 0.832656 0.691884 0.034094 0.144935
0 0.114547 0.186625 0.018302 0.073176
0 0.357211 0.268046 0.016609 0.080370
0 0.469109 0.174944 0.016094 0.068778
0 0.562943 0.920995 0.047802 0.158009
0 0.587820 0.115370 0.011422 0.054352
0 0.605560 0.483130 0.031609 0.101704
0 0.541609 0.673755 0.033344 0.116676
0 0.629359 0.309750 0.018427 0.085833
0 0.109135 0.583486 0.051167 0.104491
0 0.534888 0.674944 0.047099 0.117407
1 0.798815 0.736912 0.015130 0.023583
0 0.227930 0.035634 0.012536 0.034769
0 0.740904 0.423935 0.023818 0.105426
0 0.044273 0.306287 0.026901 0.094611
0 0.497591 0.501306 0.023995 0.127944
