0 0.549401 0.962120 0.041854 0.075500
0 0.511263 0.510065 0.022953 0.101148
0 0.958424 0.477218 0.021255 0.109157
0 0.447784 0.393694 0.023505 0.092019
0 0.650667 0.460514 0.023667 0.100806
0 0.255458 0.467213 0.020812 0.100333
0 0.367471 0.669218 0.024172 0.141120
0 0.787081 0.532106 0.023714 0.118324
0 0.362674 0.532866 0.019057 0.110620
0 0.853479 0.419759 0.022979 0.096593
0 0.376661 0.312537 0.012948 0.072593
0 0.558966 0.330213 0.015245 0.073426
0 0.940607 0.455389 0.019891 0.097833
0 0.078156 0.459199 0.029240 0.103972
0 0.541424 0.425454 0.023276 0.091685
0 0.546398 0.394532 0.016849 0.079991
