0 0.714656 0.745690 0.037583 0.161028
0 0.383688 0.293509 0.017292 0.060222
0 0.770987 0.438852 0.022516 0.099981
0 0.902607 0.576384 0.029401 0.146287
0 0.041469 0.442639 0.034406 0.098130
0 0.261258 0.357514 0.022839 0.085417
1 0.710750 0.806343 0.007698 0.013000
0 0.416260 0.293227 0.017604 0.071639
0 0.343536 0.318773 0.020458 0.072546
1 0.843276 0.269440 0.007094 0.011602
0 0.960055 0.311074 0.015849 0.081167
1 0.441284 0.212579 0.008495 0.015083
0 0.538948 0.374935 0.019021 0.082778
0 0.525419 0.310347 0.021495 0.064565
0 0.529669 0.476310 0.021734 0.103083
0 0.608130 0.441208 0.024427 0.110472
0 0.135854 0.352194 0.032521 0.082759
0 0.197719 0.380750 0.022458 0.088352
0 0.637016 0.384106 0.022896 0.091787
