0 0.460044 0.093218 0.013953 0.073991
0 0.997750 0.114199 0.004500 0.077435
0 0.993878 0.333968 0.012036 0.129731
0 0.906458 0.065370 0.015833 0.066981
0 0.495852 0.691759 0.057797 0.192481
0 0.557307 0.209815 0.020417 0.098593
0 0.335589 0.247537 0.020896 0.104704
0 0.825005 0.193856 0.021260 0.088231
0 0.874141 0.178380 0.021427 0.089148
0 0.811523 0.091782 0.016589 0.074972
0 0.941737 0.331713 0.032484 0.113352
0 0.964216 0.138338 0.022880 0.070324
0 0.764141 0.173296 0.018271 0.087611
0 0.691427 0.383815 0.038896 0.127907
0 0.420654 0.023440 0.012547 0.046880
0 0.898281 0.052690 0.016250 0.067065
1 0.533583 0.642949 0.014281 0.022769
