0 0.402810 0.641569 0.051661 0.179917
0 0.864784 0.278894 0.036432 0.097398
0 0.543911 0.261361 0.037063 0.084074
0 0.712914 0.360787 0.044276 0.107130
0 0.014870 0.624810 0.029302 0.158065
1 0.621214 0.258907 0.008427 0.014685
0 0.862719 0.499167 0.049313 0.147074
0 0.316299 0.418620 0.037828 0.126093
0 0.576964 0.224463 0.027594 0.077926
0 0.043599 0.299880 0.028000 0.098926
0 0.636682 0.328162 0.028469 0.108250
0 0.168260 0.331796 0.021312 0.106074
0 0.328964 0.270514 0.022479 0.091120
0 0.810049 0.317167 0.021839 0.107704
0 0.147224 0.295458 0.019000 0.087898
