0 0.093036 0.544449 0.024979 0.147361
0 0.395690 0.508838 0.024901 0.141991
1 0.867622 0.317935 0.008703 0.014389
0 0.294159 0.431583 0.024026 0.131074
0 0.464857 0.473699 0.018589 0.049843
0 0.424612 0.511722 0.038026 0.151444
0 0.393792 0.521866 0.022396 0.114824
0 0.284966 0.461144 0.022411 0.128731
0 0.109047 0.542838 0.018573 0.143676
0 0.317875 0.549000 0.033917 0.148481
0 0.459143 0.551125 0.025443 0.155565
0 0.170484 0.465685 0.020948 0.144574
0 0.825026 0.266759 0.017917 0.094722
0 0.516255 0.566083 0.020531 0.151500
0 0.357831 0.550356 0.034901 0.148917
0 0.548151 0.574986 0.034688 0.167731
0 0.791740 0.605903 0.033708 0.150454
0 0.916773 0.272940 0.020005 0.088472
0 0.483008 0.522597 0.022651 0.154287
0 0.626060 0.630051 0.047182 0.167120
0 0.831766 0.496880 0.024094 0.132037
0 0.666112 0.571468 0.025484 0.151769
1 0.406802 0.425171 0.009594 0.012880
