0 0.500552 0.532176 0.022771 0.088333
0 0.619292 0.513426 0.021052 0.092722
0 0.806703 0.522583 0.017615 0.087556
0 0.449354 0.524125 0.021177 0.086787
0 0.847549 0.547292 0.021120 0.089731
0 0.495383 0.438176 0.019120 0.072278
0 0.036292 0.738380 0.049792 0.119333
0 0.144951 0.754875 0.064068 0.133231
0 0.560773 0.416505 0.013130 0.069509
0 0.649526 0.457722 0.011781 0.071852
0 0.666927 0.467477 0.015687 0.075731
0 0.707852 0.488352 0.020495 0.091741
0 0.593917 0.429991 0.015635 0.064630
0 0.479289 0.483745 0.017786 0.082713
0 0.257326 0.537764 0.021474 0.089176
0 0.612844 0.449167 0.012563 0.061074
0 0.580185 0.482625 0.015578 0.075269
0 0.762826 0.499389 0.020224 0.080167
0 0.284122 0.507449 0.030141 0.076361
0 0.044326 0.669347 0.033682 0.078324
0 0.242495 0.546079 0.022865 0.078028
1 0.290482 0.513611 0.008349 0.013148
