0 0.257378 0.566023 0.050505 0.176213
1 0.030807 0.258912 0.007917 0.012676
0 0.336000 0.536181 0.044802 0.184231
0 0.483971 0.454417 0.024443 0.176778
0 0.723339 0.521440 0.025677 0.170824
0 0.568346 0.472023 0.030682 0.164528
0 0.564758 0.383403 0.029703 0.102269
0 0.242508 0.535028 0.033464 0.190111
0 0.523672 0.471958 0.034958 0.178546
0 0.818557 0.381986 0.023906 0.148065
0 0.641753 0.356773 0.027974 0.149657
0 0.459427 0.513815 0.031865 0.179593
0 0.701885 0.379625 0.027927 0.141898
0 0.185354 0.444088 0.033479 0.149991
0 0.597362 0.483801 0.034328 0.176676
0 0.109513 0.346361 0.024484 0.133296
0 0.685672 0.498583 0.034792 0.168167
0 0.286354 0.541648 0.037927 0.197204
1 0.521833 0.296736 0.008937 0.016898
