0 0.178609 0.380181 0.027646 0.109731
0 0.926544 0.249204 0.019245 0.083556
0 0.451768 0.261296 0.018516 0.088704
0 0.516362 0.188574 0.015964 0.073704
0 0.604089 0.142963 0.017563 0.070241
0 0.482812 0.187880 0.015031 0.074167
0 0.593706 0.210074 0.016349 0.073500
0 0.438076 0.625569 0.032547 0.144657
0 0.093102 0.128514 0.013922 0.055287
0 0.822596 0.458426 0.042609 0.111593
0 0.273419 0.148856 0.012745 0.054972
0 0.045112 0.342319 0.033766 0.097676
0 0.988117 0.238481 0.020349 0.084556
0 0.567828 0.311185 0.019812 0.096389
0 0.952211 0.361847 0.025380 0.107972
0 0.367466 0.503083 0.025380 0.116667
0 0.350922 0.552616 0.031802 0.140417
0 0.123414 0.228810 0.016161 0.074750
