0 0.034130 0.378556 0.053250 0.141370
0 0.397172 0.259111 0.026500 0.128648
0 0.773523 0.289921 0.030672 0.126769
0 0.400104 0.409606 0.035750 0.144046
0 0.529362 0.201949 0.025766 0.109157
0 0.713810 0.047199 0.022255 0.084917
0 0.969185 0.037560 0.021714 0.073620
0 0.199036 0.380810 0.038365 0.141194
0 0.708896 0.810616 0.046208 0.221231
0 0.614065 0.923375 0.057828 0.150139
0 0.204687 0.552486 0.043146 0.159620
0 0.188240 0.145458 0.029875 0.092306
0 0.972943 0.594620 0.040750 0.158796
0 0.492070 0.592481 0.034422 0.135704
0 0.506044 0.721153 0.043703 0.187194
0 0.474211 0.725597 0.035745 0.180657
0 0.321359 0.026023 0.017677 0.052046
0 0.507643 0.011037 0.017089 0.022074
0 0.798130 0.347370 0.029333 0.136963
