0 0.154729 0.669431 0.017906 0.125676
0 0.189388 0.515477 0.023276 0.097287
0 0.837745 0.613741 0.020698 0.120556
0 0.456135 0.582958 0.020344 0.107787
0 0.271589 0.354000 0.012656 0.064741
0 0.367276 0.451755 0.022510 0.083417
0 0.905612 0.586046 0.029349 0.099389
0 0.494331 0.470903 0.036193 0.072750
0 0.169378 0.460519 0.017089 0.087796
0 0.513815 0.335931 0.012505 0.058398
0 0.498706 0.328440 0.011349 0.060917
0 0.741466 0.325583 0.013922 0.058537
0 0.577563 0.563481 0.021198 0.101648
0 0.557305 0.558083 0.021870 0.079574
0 0.682591 0.271523 0.015318 0.047806
0 0.906367 0.519120 0.019922 0.082500
1 0.549005 0.472444 0.011313 0.017426
0 0.366047 0.221005 0.009094 0.039231
0 0.559107 0.639514 0.038776 0.120324
0 0.596932 0.447713 0.018792 0.079204
