0 0.654883 0.240745 0.033349 0.120880
0 0.211177 0.281685 0.021687 0.117296
0 0.781333 0.556884 0.031135 0.175731
0 0.080044 0.352616 0.029339 0.133769
0 0.393669 0.332944 0.040255 0.127537
0 0.612758 0.430083 0.030193 0.145981
0 0.341667 0.314861 0.025844 0.127574
0 0.904602 0.829981 0.063505 0.209537
0 0.319510 0.334500 0.030583 0.132815
0 0.145956 0.268417 0.020339 0.114759
0 0.616964 0.874856 0.041604 0.233676
0 0.289362 0.319713 0.028130 0.131722
0 0.186370 0.281093 0.024771 0.123981
0 0.260510 0.299597 0.024240 0.120657
0 0.242500 0.305491 0.029979 0.121593
0 0.165503 0.266662 0.019089 0.119472
1 0.750385 0.882519 0.018260 0.029722
0 0.301182 0.305218 0.024760 0.140787
0 0.299240 0.249801 0.024531 0.029639
0 0.095768 0.269833 0.024078 0.114741
