0 0.211409 0.291019 0.019693 0.105389
0 0.477927 0.295120 0.021698 0.088204
0 0.561133 0.741208 0.045682 0.173935
0 0.771396 0.477676 0.024906 0.124074
0 0.471534 0.239157 0.020797 0.049000
0 0.935799 0.061995 0.015651 0.055306
0 0.301057 0.216736 0.017083 0.085917
0 0.486076 0.479468 0.030891 0.135139
0 0.170044 0.149537 0.016151 0.074259
0 0.415534 0.169477 0.018422 0.076009
0 0.554013 0.363250 0.024484 0.117870
0 0.627812 0.048708 0.012740 0.053065
0 0.519664 0.062190 0.012401 0.053954
0 0.875565 0.237491 0.017964 0.091648
0 0.636831 0.515662 0.032859 0.143620
0 0.923474 0.220370 0.020448 0.092444
0 0.219768 0.432213 0.036891 0.113981
