1 0.729984 0.664657 0.009198 0.017833
0 0.355086 0.296546 0.013964 0.073759
0 0.537286 0.462856 0.030792 0.099213
0 0.738458 0.621861 0.041167 0.120593
0 0.024599 0.255972 0.012969 0.041500
0 0.363104 0.591037 0.034135 0.130593
0 0.366513 0.521764 0.030724 0.052083
0 0.152339 0.227356 0.015187 0.047176
0 0.035516 0.290870 0.015479 0.061963
0 0.474818 0.237782 0.012656 0.058972
0 0.619638 0.314259 0.017401 0.071611
0 0.173487 0.332523 0.018182 0.073620
0 0.971388 0.300481 0.017568 0.069352
0 0.666357 0.600352 0.033443 0.123500
0 0.399852 0.413264 0.018776 0.091657
0 0.101206 0.478130 0.021745 0.109259
0 0.166698 0.638588 0.026260 0.149954
0 0.849102 0.466079 0.024443 0.105139
0 0.564070 0.310699 0.017807 0.078157
