0 0.856375 0.343421 0.031073 0.101806
0 0.358258 0.670120 0.040484 0.195204
0 0.192349 0.629968 0.038635 0.193454
0 0.616927 0.532444 0.023562 0.169204
0 0.482659 0.501273 0.027130 0.175343
0 0.063052 0.333898 0.026958 0.144667
0 0.450195 0.496319 0.033036 0.171083
0 0.212711 0.574338 0.035203 0.171306
1 0.305732 0.707884 0.016016 0.025250
0 0.503995 0.514671 0.022156 0.168843
0 0.073651 0.338921 0.015281 0.134194
0 0.183990 0.385306 0.029490 0.151519
0 0.107664 0.370569 0.023047 0.139620
0 0.397961 0.664181 0.034609 0.204269
0 0.024578 0.377671 0.025396 0.145602
0 0.526216 0.509292 0.031349 0.177380
0 0.249203 0.409481 0.027635 0.154648
0 0.321135 0.541597 0.040302 0.181398
0 0.222586 0.398347 0.027505 0.154046
