0 0.331302 0.306722 0.031677 0.107667
0 0.889326 0.745421 0.072953 0.194139
0 0.238286 0.540356 0.035542 0.168417
0 0.404948 0.318380 0.029229 0.117796
0 0.676880 0.381458 0.028240 0.128806
0 0.615456 0.376671 0.032786 0.130565
0 0.280878 0.536917 0.032849 0.166944
0 0.410977 0.631144 0.037214 0.175750
0 0.923635 0.184917 0.024219 0.094667
0 0.137677 0.682324 0.069062 0.185944
0 0.223604 0.367884 0.033521 0.133120
0 0.026591 0.177338 0.026547 0.081750
0 0.482953 0.087546 0.020208 0.074648
0 0.994531 0.465019 0.010937 0.160722
1 0.815073 0.547213 0.023781 0.035907
