0 0.395201 0.544144 0.020068 0.081843
0 0.551971 0.508079 0.020620 0.077417
0 0.715820 0.534954 0.019036 0.095870
0 0.728919 0.555440 0.024391 0.079343
1 0.883802 0.473917 0.006292 0.011685
1 0.616901 0.293986 0.009531 0.015194
0 0.448701 0.695421 0.029818 0.104898
0 0.324687 0.744616 0.028375 0.112565
0 0.338938 0.580046 0.023469 0.088389
0 0.622112 0.587250 0.018922 0.088315
0 0.572271 0.428819 0.016469 0.076491
0 0.369737 0.479644 0.019474 0.076046
0 0.379430 0.575352 0.019516 0.077389
0 0.664789 0.678546 0.039828 0.085000
0 0.562628 0.609495 0.019651 0.087454
0 0.573383 0.501324 0.027651 0.083648
