0 0.650596 0.531750 0.030599 0.176944
0 0.124659 0.671986 0.029214 0.186435
0 0.306607 0.546829 0.043391 0.171917
0 0.573854 0.389310 0.022750 0.098824
0 0.673906 0.535926 0.020979 0.177093
0 0.269052 0.336167 0.021979 0.114593
0 0.285461 0.331046 0.026495 0.115278
1 0.122810 0.345454 0.011630 0.018463
0 0.626268 0.540116 0.039401 0.170750
0 0.823810 0.424597 0.024109 0.151935
0 0.701086 0.524023 0.031818 0.173157
0 0.345229 0.498681 0.023344 0.169954
0 0.653648 0.417426 0.027401 0.097981
0 0.577367 0.498542 0.042849 0.169231
0 0.389859 0.497972 0.026885 0.165759
0 0.180638 0.552384 0.031641 0.183769
0 0.164781 0.274926 0.021396 0.117037
