0 0.159526 0.744912 0.050552 0.191250
0 0.739911 0.127903 0.017083 0.082528
0 0.463786 0.746954 0.057323 0.181148
0 0.519031 0.342042 0.037094 0.118509
0 0.716294 0.130593 0.015943 0.082574
0 0.412695 0.682421 0.046995 0.138120
0 0.891404 0.291611 0.027641 0.111630
0 0.158740 0.584880 0.050208 0.112704
0 0.692234 0.295231 0.025469 0.119093
0 0.883141 0.044162 0.020115 0.060991
0 0.503018 0.185708 0.019661 0.094361
0 0.290914 0.488972 0.035828 0.152259
1 0.432146 0.814106 0.015698 0.026620
0 0.274914 0.477935 0.032432 0.165222
0 0.571000 0.174838 0.027115 0.090398
0 0.754370 0.168153 0.019719 0.095231
0 0.528724 0.181611 0.017875 0.100407
0 0.235495 0.148745 0.022604 0.090565
