0 0.573247 0.337449 0.019057 0.091269
0 0.395333 0.367481 0.017354 0.094667
0 0.442388 0.297981 0.012703 0.080167
0 0.471250 0.296106 0.019052 0.088528
0 0.437263 0.369296 0.019443 0.087759
0 0.392224 0.814917 0.053000 0.090778
0 0.674544 0.308000 0.022099 0.081315
0 0.141896 0.271708 0.017042 0.074472
0 0.606961 0.359130 0.015547 0.095000
0 0.507594 0.386560 0.015562 0.097676
0 0.564589 0.435375 0.019594 0.109491
0 0.644557 0.402671 0.021958 0.116250
0 0.428956 0.453194 0.022568 0.115889
0 0.362888 0.564421 0.022578 0.127194
0 0.254073 0.427944 0.020292 0.107556
0 0.321893 0.490213 0.024245 0.117556
0 0.755367 0.580940 0.028766 0.125880
1 0.413081 0.835546 0.013609 0.027741
0 0.312982 0.347583 0.019724 0.095037
0 0.575956 0.289806 0.017276 0.048833
0 0.576063 0.302264 0.017510 0.073324
0 0.719299 0.181102 0.018057 0.064037
0 0.513727 0.296139 0.015495 0.076204
