0 0.388763 0.173380 0.014547 0.072130
0 0.794516 0.480000 0.027052 0.122056
0 0.530815 0.072250 0.012703 0.052222
0 0.518786 0.352894 0.019667 0.100898
0 0.521260 0.015287 0.012312 0.030574
0 0.529833 0.402134 0.019417 0.121472
0 0.984398 0.573259 0.029266 0.146167
0 0.850315 0.212773 0.018089 0.082194
0 0.562125 0.241569 0.019594 0.083157
0 0.525060 0.306778 0.019349 0.076296
0 0.881070 0.216444 0.017099 0.083185
0 0.187727 0.415523 0.024620 0.103806
0 0.280867 0.461856 0.032828 0.124528
0 0.577143 0.447509 0.026620 0.126259
0 0.863122 0.080417 0.013630 0.049759
0 0.454885 0.079278 0.010802 0.051185
0 0.019367 0.119167 0.015245 0.062759
0 0.335568 0.248153 0.012781 0.084676
0 0.251680 0.295319 0.019932 0.097046
