0 0.852255 0.409565 0.019719 0.080667
0 0.328482 0.613468 0.019516 0.123769
0 0.078964 0.506838 0.023438 0.102343
0 0.203617 0.591028 0.024307 0.117926
0 0.870464 0.616667 0.026198 0.128667
0 0.541945 0.496741 0.018182 0.098315
0 0.914742 0.503204 0.018672 0.100556
0 0.283885 0.503417 0.019313 0.097296
0 0.825440 0.469625 0.019714 0.093269
0 0.249456 0.463694 0.027339 0.083463
0 0.341091 0.646972 0.023630 0.127833
0 0.220750 0.497759 0.024833 0.099630
0 0.481977 0.899731 0.034005 0.176537
0 0.489992 0.430931 0.013578 0.075676
0 0.421458 0.412505 0.015427 0.079620
0 0.190443 0.430778 0.016719 0.069481
0 0.309870 0.448292 0.020896 0.082565
