0 0.538776 0.541671 0.022594 0.117935
0 0.627003 0.404824 0.026672 0.103741
0 0.823185 0.498509 0.030641 0.127074
0 0.330073 0.517139 0.026625 0.132463
0 0.685568 0.421009 0.040667 0.100037
0 0.590404 0.450602 0.022339 0.116407
0 0.681375 0.537296 0.027146 0.131741
0 0.195813 0.743421 0.033240 0.168620
0 0.045385 0.404014 0.022750 0.100750
0 0.574174 0.528088 0.026172 0.134509
0 0.441268 0.465134 0.020859 0.118454
0 0.420156 0.422944 0.019771 0.111315
0 0.955307 0.948162 0.026281 0.103676
0 0.731917 0.259176 0.015208 0.079315
1 0.256930 0.186917 0.010995 0.016630
0 0.874016 0.598787 0.032156 0.138574
0 0.288555 0.517162 0.032130 0.134417
