0 0.423591 0.433148 0.031286 0.181833
0 0.608607 0.202759 0.025276 0.094630
0 0.610740 0.303106 0.034792 0.160083
0 0.518633 0.218694 0.029099 0.167500
0 0.585044 0.201731 0.030370 0.045315
0 0.309117 0.211495 0.023036 0.066639
0 0.563206 0.198361 0.024120 0.142926
0 0.537883 0.583843 0.043266 0.124852
0 0.674518 0.184028 0.029432 0.136296
0 0.538823 0.199444 0.023500 0.144574
0 0.585505 0.194620 0.030750 0.195852
0 0.524169 0.138593 0.019036 0.052204
1 0.544195 0.624546 0.014609 0.029222
0 0.951914 0.030616 0.016859 0.061231
0 0.524234 0.152093 0.019000 0.079000
0 0.815276 0.301023 0.031781 0.163454
0 0.576362 0.539181 0.040391 0.206731
0 0.398013 0.200167 0.020599 0.142759
0 0.638365 0.156935 0.021406 0.131759
0 0.699536 0.197394 0.019375 0.139306
0 0.304026 0.323259 0.025375 0.163037
