0 0.437771 0.230884 0.018427 0.076509
0 0.233099 0.153333 0.014573 0.065870
0 0.065000 0.471310 0.030542 0.118991
0 0.840924 0.425556 0.029568 0.122000
1 0.595828 0.492630 0.008677 0.015426
0 0.156609 0.562731 0.024198 0.145037
0 0.207159 0.191903 0.018797 0.072583
0 0.068148 0.283157 0.015005 0.092426
0 0.251336 0.315264 0.024922 0.096380
0 0.615094 0.195060 0.016865 0.078657
0 0.591112 0.455718 0.031943 0.120472
0 0.947008 0.563713 0.043641 0.165259
0 0.146346 0.278894 0.016422 0.092528
0 0.143326 0.215491 0.014161 0.058426
0 0.881107 0.290963 0.024286 0.086519
0 0.069414 0.385431 0.018266 0.084546
0 0.252641 0.412657 0.025698 0.114833
