0 0.949141 0.410949 0.044948 0.148843
0 0.563107 0.347042 0.035505 0.172213
0 0.085474 0.260796 0.042656 0.129833
0 0.286893 0.418773 0.034453 0.182306
0 0.345417 0.370319 0.041490 0.153380
0 0.513758 0.282028 0.040380 0.156426
0 0.413552 0.240523 0.040719 0.136750
0 0.986404 0.247653 0.026922 0.143731
0 0.485977 0.376755 0.042734 0.163991
0 0.456276 0.253329 0.029208 0.148398
0 0.919779 0.473153 0.035245 0.190435
0 0.747784 0.343782 0.029641 0.162676
0 0.443919 0.626426 0.043193 0.168963
0 0.828417 0.404185 0.037604 0.164685
1 0.445953 0.528755 0.016406 0.025306
0 0.465836 0.581347 0.029745 0.201343
0 0.828805 0.303514 0.030474 0.050306
