0 0.983708 0.977380 0.031333 0.045241
1 0.478997 0.436681 0.008484 0.014565
0 0.514073 0.572523 0.036333 0.116306
0 0.588466 0.570468 0.029943 0.100731
0 0.604286 0.625421 0.042885 0.107491
0 0.099747 0.576144 0.034797 0.138361
0 0.986823 0.785106 0.026354 0.158935
0 0.794383 0.543551 0.029359 0.099750
0 0.795745 0.646338 0.028792 0.155602
0 0.616247 0.568685 0.036286 0.121130
0 0.214815 0.526519 0.019370 0.116685
0 0.129365 0.596861 0.039500 0.121685
0 0.542320 0.711176 0.034536 0.158926
0 0.084557 0.846773 0.037010 0.182361
1 0.780539 0.587977 0.012151 0.015417
0 0.460062 0.410671 0.024594 0.095769
