0 0.712688 0.350060 0.015156 0.068028
0 0.565245 0.528495 0.022031 0.117824
0 0.480440 0.597319 0.030839 0.131306
0 0.722479 0.546819 0.023594 0.110565
0 0.896771 0.558648 0.022365 0.112926
0 0.503500 0.510356 0.017438 0.103898
0 0.606297 0.572833 0.024708 0.123370
0 0.369914 0.479111 0.018766 0.091685
0 0.225789 0.471944 0.017953 0.100778
0 0.176854 0.475556 0.016531 0.101185
0 0.437859 0.519833 0.018594 0.112870
0 0.203706 0.475079 0.016984 0.101861
0 0.534456 0.564208 0.022661 0.119620
0 0.419505 0.519542 0.016156 0.110546
0 0.340893 0.480148 0.016443 0.104944
0 0.463831 0.509588 0.020734 0.101676
0 0.740328 0.338981 0.014854 0.072019
0 0.354672 0.452551 0.014656 0.098361
0 0.538365 0.497583 0.016948 0.053167
1 0.409544 0.375708 0.007161 0.010861
0 0.478560 0.502940 0.011141 0.093694
1 0.720414 0.379296 0.006682 0.011500
0 0.486797 0.503875 0.012031 0.094954
