0 0.724839 0.342648 0.023906 0.116963
0 0.261352 0.408176 0.038078 0.122389
0 0.142799 0.581514 0.029661 0.160861
0 0.667823 0.345019 0.020313 0.119019
0 0.526901 0.345407 0.028021 0.101500
0 0.013966 0.672463 0.027370 0.177574
0 0.646156 0.374444 0.030740 0.105815
0 0.279578 0.347037 0.018323 0.098370
0 0.239893 0.319343 0.024057 0.084463
1 0.572021 0.349708 0.010156 0.017509
0 0.383065 0.428440 0.030818 0.127769
0 0.265146 0.325356 0.021312 0.074028
0 0.460297 0.381713 0.031677 0.117981
0 0.627802 0.826236 0.042854 0.206046
0 0.576638 0.456866 0.024880 0.145991
0 0.808781 0.388792 0.028302 0.117972
