0 0.362521 0.420458 0.027333 0.117028
0 0.980594 0.495037 0.028937 0.112444
0 0.532438 0.417722 0.026542 0.115907
0 0.624534 0.333199 0.024005 0.106398
0 0.728440 0.368981 0.025891 0.120556
0 0.806208 0.402796 0.025427 0.125130
0 0.577911 0.356005 0.024708 0.099917
0 0.054143 0.340856 0.029234 0.088009
0 0.466177 0.367227 0.021677 0.097991
0 0.066958 0.558782 0.037583 0.134528
0 0.276375 0.384731 0.041448 0.103204
0 0.784102 0.801616 0.071505 0.163639
0 0.731750 0.626269 0.054854 0.126944
0 0.400552 0.410509 0.023927 0.100593
0 0.085841 0.502361 0.042266 0.129500
0 0.473612 0.297324 0.018536 0.083037
0 0.268971 0.307829 0.023307 0.047861
1 0.366307 0.471398 0.009344 0.014574
