0 0.821448 0.653769 0.024927 0.117407
0 0.554341 0.477903 0.023620 0.074176
1 0.503841 0.420500 0.007453 0.011833
0 0.447047 0.469074 0.014896 0.058056
0 0.525404 0.469542 0.020401 0.081806
0 0.462573 0.499648 0.016365 0.084093
0 0.456177 0.532796 0.023594 0.093500
0 0.790362 0.454644 0.019776 0.078361
0 0.872888 0.575287 0.028953 0.118944
0 0.125966 0.382542 0.016932 0.065639
0 0.095521 0.440296 0.022156 0.070500
0 0.364844 0.422579 0.015323 0.060917
0 0.253841 0.482787 0.020620 0.084926
0 0.019107 0.645986 0.019068 0.105935
0 0.007276 0.502097 0.014552 0.092991
0 0.218292 0.431060 0.019437 0.074546
0 0.770633 0.492625 0.021724 0.088194
0 0.787234 0.712468 0.033115 0.119250
0 0.539174 0.535310 0.022057 0.101898
