0 0.656258 0.348718 0.027339 0.091639
0 0.180779 0.448889 0.025536 0.111630
0 0.412052 0.656782 0.025198 0.147139
0 0.314253 0.368116 0.021859 0.090620
0 0.480284 0.597495 0.026047 0.141954
0 0.706917 0.607606 0.022687 0.144343
0 0.230016 0.449634 0.018187 0.109102
0 0.155607 0.628755 0.047151 0.146657
0 0.744326 0.496644 0.022307 0.120028
0 0.512328 0.591347 0.025646 0.126324
0 0.115807 0.935032 0.031354 0.129935
0 0.370034 0.290745 0.015547 0.077583
1 0.512797 0.644671 0.013125 0.016287
1 0.615758 0.202398 0.006089 0.012556
0 0.587745 0.515681 0.027490 0.073935
0 0.575654 0.461343 0.019422 0.080833
0 0.580826 0.587102 0.028359 0.115056
0 0.588698 0.656023 0.071250 0.032787
