0 0.668935 0.565194 0.035286 0.154963
0 0.469401 0.409606 0.026594 0.118398
0 0.860339 0.392648 0.033604 0.128241
0 0.397102 0.284713 0.030005 0.099093
0 0.769331 0.325222 0.026255 0.111130
0 0.153914 0.696431 0.041682 0.146324
0 0.638667 0.336977 0.045646 0.109287
0 0.608565 0.388139 0.026797 0.121963
0 0.716625 0.330606 0.024823 0.106750
0 0.241107 0.540028 0.031859 0.142333
0 0.589945 0.433690 0.029141 0.119972
0 0.985622 0.291454 0.021214 0.094241
0 0.734516 0.300236 0.027344 0.112120
1 0.672326 0.092495 0.011786 0.017806
