0 0.425708 0.489319 0.019469 0.104231
0 0.399174 0.490440 0.030203 0.100250
0 0.427211 0.470028 0.016016 0.065889
0 0.955831 0.403801 0.016161 0.059657
0 0.308427 0.525125 0.021958 0.100694
0 0.529576 0.453106 0.015328 0.095287
0 0.564190 0.517088 0.021953 0.107139
0 0.491677 0.548977 0.030615 0.105787
0 0.276099 0.550500 0.019885 0.108648
0 0.459651 0.539847 0.021375 0.101917
0 0.732302 0.408657 0.013854 0.082463
0 0.463523 0.465347 0.014411 0.072694
0 0.429487 0.495676 0.029453 0.091741
0 0.403490 0.483870 0.022406 0.114093
0 0.843826 0.338574 0.015516 0.057759
0 0.348885 0.521324 0.024656 0.099037
0 0.327760 0.526069 0.016438 0.101694
0 0.373193 0.517995 0.019812 0.082065
1 0.941742 0.438222 0.007870 0.013037
0 0.387883 0.525963 0.024307 0.091648
0 0.193891 0.431579 0.015406 0.077676
0 0.391057 0.474426 0.017885 0.041111
