0 0.690953 0.551069 0.035573 0.129102
0 0.150948 0.383495 0.019385 0.105954
0 0.128875 0.385736 0.012750 0.098991
0 0.106453 0.392130 0.018406 0.104426
0 0.117448 0.390759 0.014667 0.094926
0 0.154354 0.369074 0.017406 0.107704
1 0.747349 0.744681 0.015427 0.024676
0 0.122471 0.333866 0.016464 0.036935
0 0.567357 0.327759 0.024953 0.096611
0 0.536880 0.595931 0.031719 0.126935
0 0.315026 0.404255 0.029229 0.113435
0 0.842193 0.723676 0.028063 0.163296
0 0.242396 0.378398 0.023990 0.111981
0 0.725315 0.552690 0.027224 0.139269
0 0.382870 0.487843 0.027563 0.100370
0 0.069740 0.517968 0.021333 0.117898
0 0.174664 0.371458 0.016151 0.104231
0 0.269130 0.395269 0.020521 0.110833
0 0.060224 0.405130 0.015760 0.111259
0 0.192227 0.376236 0.017484 0.105231
