0 0.452602 0.220884 0.019099 0.078602
0 0.207049 0.221884 0.018964 0.078269
1 0.176445 0.218819 0.007172 0.011380
0 0.465453 0.274532 0.017010 0.090009
0 0.641518 0.330028 0.019203 0.108204
0 0.983477 0.243412 0.021016 0.082824
0 0.628307 0.346412 0.021135 0.112750
0 0.792180 0.261884 0.021505 0.094935
0 0.856047 0.288417 0.025031 0.094407
0 0.938833 0.295972 0.024646 0.099481
0 0.205745 0.467273 0.029385 0.131972
0 0.390159 0.286889 0.016682 0.089944
0 0.214221 0.302028 0.020359 0.100611
0 0.127773 0.345481 0.028828 0.111056
1 0.460935 0.212750 0.006359 0.012611
0 0.130578 0.266819 0.023240 0.088509
0 0.882013 0.241468 0.018453 0.082935
