0 0.617607 0.419292 0.030245 0.101620
0 0.073747 0.509333 0.035943 0.127019
0 0.321617 0.513352 0.030693 0.129796
0 0.065385 0.380222 0.019990 0.079222
0 0.140695 0.493843 0.024984 0.135722
0 0.348237 0.327644 0.019464 0.083898
0 0.034753 0.330370 0.018141 0.082759
1 0.807875 0.437958 0.011021 0.021306
0 0.319456 0.804148 0.063026 0.162000
0 0.787677 0.707866 0.033958 0.168269
0 0.311617 0.413176 0.020693 0.084833
0 0.213870 0.437519 0.033969 0.097241
0 0.824000 0.397199 0.038271 0.098102
0 0.902250 0.447449 0.024448 0.125102
