0 0.408216 0.409171 0.016078 0.094713
0 0.800984 0.302921 0.014448 0.070102
0 0.239750 0.418630 0.017823 0.090296
0 0.776005 0.461829 0.021521 0.112343
0 0.787661 0.409352 0.019604 0.088537
0 0.308487 0.405681 0.019953 0.061602
0 0.429219 0.391852 0.017333 0.093130
0 0.421219 0.405611 0.015146 0.091426
0 0.232367 0.390380 0.015630 0.061426
0 0.408818 0.361583 0.016219 0.031000
0 0.319385 0.383662 0.022104 0.063472
1 0.784719 0.327681 0.006479 0.012731
0 0.389945 0.407306 0.018943 0.089667
0 0.449159 0.423157 0.023839 0.117167
0 0.348031 0.395296 0.018240 0.085148
0 0.611979 0.444106 0.016698 0.097769
0 0.662633 0.417861 0.024026 0.099148
0 0.684974 0.404995 0.020313 0.098046
0 0.575667 0.409435 0.027448 0.097630
