0 0.857719 0.423912 0.022865 0.061991
0 0.857870 0.437060 0.022312 0.088213
0 0.162076 0.354810 0.017099 0.102287
0 0.830643 0.422708 0.021901 0.042454
0 0.479578 0.402366 0.018927 0.112269
0 0.458411 0.406500 0.024417 0.119037
0 0.012523 0.407398 0.021755 0.117685
0 0.098651 0.371819 0.018875 0.104157
0 0.771552 0.491278 0.027219 0.118796
0 0.213680 0.344769 0.024089 0.104926
0 0.508706 0.404731 0.021599 0.116667
0 0.890281 0.476861 0.024958 0.128389
0 0.933901 0.473926 0.025885 0.120315
0 0.062755 0.385181 0.015958 0.091694
0 0.071016 0.454227 0.032750 0.079417
0 0.171057 0.387671 0.031969 0.154639
0 0.049435 0.385259 0.016547 0.117944
0 0.807383 0.452019 0.019245 0.131278
0 0.034107 0.390171 0.021703 0.109694
0 0.830888 0.479259 0.022557 0.115556
0 0.790378 0.450639 0.026359 0.135889
0 0.853617 0.486301 0.025505 0.121657
1 0.477424 0.451944 0.011724 0.015796
