0 0.843992 0.247653 0.017109 0.062454
0 0.686214 0.336806 0.017135 0.088500
0 0.638654 0.464481 0.044161 0.161852
0 0.635461 0.364023 0.024411 0.084528
0 0.420133 0.377944 0.022432 0.104093
0 0.164344 0.317782 0.031021 0.088287
1 0.470187 0.358903 0.009208 0.012620
0 0.191820 0.385931 0.041839 0.044917
0 0.521013 0.339671 0.032828 0.107231
0 0.881958 0.324134 0.017490 0.085417
0 0.707375 0.354968 0.018552 0.102435
0 0.904867 0.409704 0.021016 0.106815
0 0.769888 0.494713 0.038651 0.124630
0 0.474401 0.352662 0.031042 0.092343
0 0.400573 0.411065 0.026125 0.103593
0 0.718099 0.303194 0.016490 0.061926
0 0.734211 0.370204 0.016589 0.092407
0 0.854409 0.444324 0.015661 0.117019