0 0.495805 0.281926 0.018589 0.088296
0 0.288326 0.277380 0.020526 0.088685
0 0.014820 0.574148 0.028724 0.150333
0 0.844135 0.223792 0.014396 0.069769
1 0.517578 0.396630 0.009031 0.013722
0 0.160906 0.354069 0.021094 0.102231
0 0.538435 0.449532 0.024578 0.129213
0 0.897042 0.329907 0.018844 0.107833
0 0.636057 0.325773 0.020771 0.096843
0 0.291839 0.429097 0.019792 0.123769
0 0.419008 0.276069 0.017557 0.085898
0 0.825956 0.437690 0.029172 0.121898
0 0.076039 0.351963 0.017724 0.106056
0 0.215555 0.292741 0.022047 0.095333
0 0.530130 0.206444 0.014260 0.067611
0 0.544859 0.916569 0.039094 0.162343
0 0.326805 0.188657 0.016995 0.066093
0 0.509294 0.348407 0.020432 0.087944
0 0.284958 0.216296 0.013646 0.052907
0 0.506453 0.446574 0.022385 0.127296
