0 0.534461 0.460556 0.027880 0.113815
0 0.157901 0.418644 0.017292 0.104491
0 0.209057 0.471269 0.029052 0.114111
0 0.420622 0.426958 0.019255 0.064139
0 0.421839 0.283264 0.015302 0.071991
0 0.519539 0.438551 0.020411 0.117065
0 0.277318 0.455565 0.014635 0.116000
0 0.265802 0.459356 0.014313 0.109639
0 0.380734 0.451727 0.023865 0.106713
0 0.312388 0.470435 0.024964 0.116796
0 0.031164 0.390644 0.020943 0.041194
1 0.414586 0.312713 0.007328 0.013111
0 0.033063 0.449579 0.027646 0.107991
0 0.249208 0.472264 0.021229 0.120657
0 0.393336 0.281556 0.014641 0.069315
0 0.441591 0.418769 0.016068 0.097537
0 0.434417 0.462662 0.022188 0.111361
0 0.668250 0.533565 0.024792 0.130778
1 0.141516 0.302329 0.008083 0.013472
0 0.414745 0.478352 0.017188 0.108056
