0 0.719737 0.165463 0.021130 0.086185
0 0.106055 0.233569 0.024974 0.109528
0 0.735854 0.219042 0.023458 0.108824
0 0.496919 0.176046 0.020443 0.095111
0 0.756677 0.231319 0.021698 0.108602
0 0.396651 0.181736 0.025125 0.093065
0 0.713469 0.541713 0.047812 0.167222
0 0.421500 0.271681 0.025219 0.125787
0 0.295391 0.230486 0.023365 0.108694
0 0.887372 0.442731 0.030505 0.153667
0 0.890378 0.203389 0.021901 0.098870
0 0.599206 0.281204 0.035161 0.125167
0 0.655529 0.121958 0.019099 0.033806
0 0.643461 0.168921 0.019682 0.092769
0 0.003487 0.332125 0.006974 0.107343
0 0.053995 0.134921 0.027760 0.080491
0 0.659477 0.179556 0.024266 0.094481
0 0.383927 0.138486 0.018437 0.089657
