0 0.406380 0.670185 0.029417 0.149796
0 0.170617 0.525213 0.029297 0.133241
0 0.068146 0.563426 0.029771 0.123944
0 0.089828 0.472269 0.021667 0.106000
0 0.211826 0.498995 0.023141 0.124731
0 0.658096 0.514468 0.026547 0.134583
0 0.009255 0.574500 0.018510 0.126704
0 0.072370 0.425981 0.017625 0.092852
0 0.437906 0.465241 0.021802 0.125259
0 0.487854 0.442611 0.022719 0.122704
0 0.316969 0.500449 0.021385 0.130898
0 0.450096 0.343926 0.017568 0.089611
0 0.439495 0.303468 0.015677 0.086991
0 0.350247 0.418088 0.019505 0.103454
0 0.113302 0.451338 0.015906 0.112176
0 0.394302 0.484690 0.028302 0.087417
0 0.280167 0.657685 0.028813 0.157296