0 0.565328 0.287718 0.024510 0.101139
0 0.707078 0.393838 0.020219 0.126009
0 0.514180 0.259361 0.029703 0.100074
0 0.416901 0.250505 0.022031 0.090157
0 0.635055 0.235463 0.017714 0.086926
0 0.808182 0.313074 0.019281 0.098241
0 0.351169 0.339648 0.019734 0.118593
0 0.394581 0.741602 0.039266 0.195704
0 0.910344 0.324171 0.020594 0.114620
0 0.675187 0.357824 0.021083 0.113019
0 0.731964 0.277657 0.020719 0.096000
0 0.909279 0.246870 0.020641 0.076185
0 0.439263 0.242306 0.016016 0.089481
0 0.692039 0.311394 0.015953 0.107028
0 0.728964 0.178421 0.015510 0.074769
0 0.595885 0.173630 0.017635 0.070963
1 0.374823 0.383986 0.009948 0.018472
0 0.139177 0.167782 0.017229 0.076861
