0 0.361583 0.195931 0.024219 0.095380
0 0.582602 0.283310 0.024495 0.112972
0 0.661005 0.608546 0.042802 0.167796
0 0.205961 0.227389 0.034432 0.096574
0 0.634529 0.069903 0.017734 0.067935
0 0.484112 0.045032 0.017130 0.065157
0 0.214474 0.204329 0.024646 0.088454
1 0.619630 0.657542 0.017406 0.026417
0 0.687797 0.143958 0.018208 0.078472
0 0.636115 0.190458 0.021188 0.087806
0 0.600576 0.140972 0.017328 0.082667
0 0.918326 0.234546 0.022724 0.109407
0 0.431047 0.108500 0.020240 0.073907
0 0.035930 0.376981 0.034505 0.139204
0 0.830430 0.205838 0.021922 0.097713
0 0.461456 0.232676 0.023578 0.103074
0 0.175320 0.511231 0.038505 0.156444
0 0.943156 0.253509 0.025313 0.122500
0 0.275440 0.187231 0.025818 0.095630
0 0.563125 0.312333 0.025188 0.121648
