0 0.859375 0.338917 0.017812 0.119537
0 0.570109 0.267394 0.020240 0.081528
0 0.127008 0.225736 0.019182 0.080028
0 0.194609 0.256380 0.019198 0.092519
0 0.503219 0.270676 0.021260 0.089278
0 0.300643 0.231602 0.018099 0.082278
0 0.148359 0.430472 0.031792 0.132741
0 0.482521 0.286699 0.021687 0.094639
0 0.815396 0.307116 0.020896 0.106343
0 0.838792 0.307356 0.020417 0.104898
0 0.948747 0.452458 0.026807 0.133250
0 0.972305 0.389519 0.020974 0.117722
0 0.332917 0.309222 0.022667 0.102574
0 0.771453 0.422431 0.023187 0.130065
0 0.609568 0.338366 0.023083 0.117046
0 0.887971 0.342727 0.026880 0.114528
0 0.040591 0.230384 0.021495 0.083398
0 0.872586 0.332056 0.010693 0.107315
