0 0.209711 0.276116 0.033578 0.087806
0 0.324849 0.311968 0.031969 0.101935
0 0.307578 0.380977 0.030521 0.104972
0 0.324458 0.229676 0.026698 0.066593
1 0.556690 0.058361 0.014068 0.024481
0 0.065617 0.451556 0.041839 0.123963
0 0.687448 0.901389 0.062292 0.195889
0 0.272143 0.270824 0.032911 0.082833
0 0.837169 0.386468 0.039016 0.110046
0 0.316724 0.680421 0.051229 0.182139
0 0.907560 0.469185 0.039443 0.122352
0 0.352719 0.462838 0.034823 0.131917
0 0.261750 0.380921 0.041344 0.115528
0 0.732419 0.300199 0.038797 0.100398
0 0.729544 0.262588 0.023922 0.053065
0 0.074482 0.341611 0.029578 0.124722
