0 0.258135 0.537514 0.030229 0.147639
0 0.068411 0.581944 0.030771 0.140870
0 0.025404 0.538319 0.023161 0.136713
0 0.346589 0.563593 0.038635 0.132278
0 0.907732 0.608977 0.026464 0.129972
0 0.801167 0.617157 0.029385 0.130481
0 0.163271 0.632856 0.039719 0.176676
0 0.665659 0.543769 0.024964 0.122370
0 0.457255 0.517278 0.026562 0.125463
0 0.246513 0.580458 0.030745 0.140972
0 0.704437 0.468690 0.031625 0.093380
0 0.092396 0.699218 0.050687 0.163657
1 0.745401 0.492519 0.008198 0.013185
0 0.628135 0.616329 0.028385 0.142065
0 0.739034 0.425472 0.020464 0.085981
0 0.164943 0.584727 0.033240 0.117065
0 0.090034 0.570093 0.022182 0.139481
0 0.305641 0.521106 0.032865 0.128620
0 0.216068 0.545880 0.036271 0.134167
0 0.754719 0.459222 0.024094 0.087759
0 0.112216 0.583023 0.028776 0.144806
0 0.287156 0.560412 0.031000 0.134065