0 0.360898 0.191426 0.019703 0.080685
0 0.429508 0.186417 0.021891 0.084889
0 0.592622 0.190477 0.016505 0.078546
0 0.745372 0.213384 0.019630 0.082324
0 0.880216 0.177736 0.028005 0.095991
0 0.476844 0.217523 0.023104 0.086028
0 0.896661 0.216023 0.018687 0.090250
0 0.752841 0.275843 0.022682 0.098685
0 0.070279 0.383634 0.024797 0.125009
0 0.113620 0.362222 0.022521 0.128667
0 0.713430 0.367500 0.020974 0.117148
0 0.597427 0.259694 0.027354 0.093148
0 0.612799 0.502005 0.048974 0.147361
0 0.291794 0.209356 0.019589 0.085361
0 0.112180 0.269935 0.025422 0.094407
0 0.154945 0.203653 0.023599 0.091861
