0 0.548630 0.281454 0.026781 0.104352
0 0.421711 0.388694 0.035495 0.109222
0 0.495529 0.184509 0.025911 0.077167
0 0.677896 0.305412 0.023365 0.112657
0 0.741854 0.274333 0.018969 0.100130
0 0.439784 0.545912 0.028349 0.144806
0 0.442852 0.236569 0.034609 0.077176
0 0.505982 0.698745 0.045464 0.186972
0 0.613203 0.380764 0.039812 0.136157
0 0.700844 0.337824 0.020958 0.119185
0 0.582365 0.135102 0.016823 0.071944
0 0.462193 0.386366 0.034490 0.110824
0 0.855354 0.411426 0.039198 0.137870
0 0.251055 0.373588 0.026505 0.121676
0 0.780667 0.144153 0.017260 0.071139
0 0.285008 0.391278 0.049849 0.116981
0 0.522294 0.114356 0.021568 0.072231
1 0.433948 0.406931 0.009021 0.018361
0 0.293299 0.266394 0.030807 0.101065
