0 0.465997 0.460491 0.019943 0.090981
0 0.730391 0.490009 0.014510 0.093204
0 0.708828 0.489222 0.014010 0.093833
0 0.698802 0.490222 0.008854 0.094148
0 0.742708 0.487921 0.014677 0.092139
0 0.686927 0.504315 0.018677 0.104593
0 0.265065 0.640625 0.022859 0.125269
0 0.751125 0.567375 0.022083 0.118361
0 0.662083 0.512005 0.017125 0.100731
0 0.756211 0.483468 0.019026 0.093157
0 0.777594 0.489755 0.017083 0.102065
1 0.162180 0.828227 0.011755 0.020657
0 0.671948 0.504847 0.015469 0.108435
0 0.151049 0.766676 0.020193 0.153907
0 0.902711 0.569870 0.019099 0.103611
0 0.801672 0.496505 0.021854 0.074231
0 0.607367 0.521181 0.021130 0.104824
0 0.245815 0.643806 0.021849 0.121019
0 0.641714 0.504741 0.023927 0.104667
0 0.684635 0.454417 0.015667 0.032889
