0 0.943719 0.340866 0.022562 0.095213
0 0.633727 0.319634 0.023755 0.086120
0 0.306052 0.632338 0.064188 0.125472
0 0.440229 0.379852 0.037833 0.079907
0 0.866870 0.316069 0.015781 0.086954
0 0.481326 0.369431 0.028224 0.100472
0 0.030680 0.464509 0.043453 0.091056
0 0.142094 0.350019 0.025052 0.086296
0 0.984560 0.395833 0.027745 0.114500
0 0.342682 0.423037 0.023344 0.097056
0 0.839510 0.325157 0.019083 0.090611
0 0.639974 0.409745 0.028323 0.113602
0 0.596518 0.318273 0.019953 0.084361
0 0.589859 0.610472 0.053458 0.129481
0 0.546661 0.402514 0.033031 0.098546
0 0.731570 0.366282 0.025380 0.108787
0 0.994422 0.489162 0.011156 0.078231
0 0.423049 0.401708 0.032266 0.094880
0 0.538961 0.367630 0.023505 0.082519
0 0.062464 0.227787 0.020979 0.062481
1 0.309872 0.327403 0.011214 0.017898
