0 0.448036 0.109620 0.024323 0.063778
0 0.537872 0.163440 0.021297 0.079806
0 0.753651 0.201764 0.018208 0.083472
0 0.092099 0.191222 0.022021 0.083481
0 0.923828 0.200083 0.020323 0.079241
0 0.336049 0.126269 0.014995 0.066944
0 0.357435 0.175250 0.019734 0.082148
0 0.369927 0.130704 0.013479 0.070148
0 0.605240 0.134588 0.022042 0.068806
0 0.389813 0.104144 0.020104 0.056472
0 0.545659 0.122190 0.014766 0.052824
0 0.104547 0.127495 0.020531 0.059417
0 0.319794 0.098662 0.011505 0.066324
1 0.432125 0.131843 0.006448 0.010944
0 0.708260 0.324755 0.019719 0.104954
0 0.176128 0.120912 0.016224 0.046806
0 0.305935 0.173792 0.026974 0.085583
0 0.943609 0.246315 0.022146 0.092093
0 0.809148 0.316727 0.020141 0.105935
