0 0.049125 0.320056 0.016073 0.091500
0 0.172029 0.839009 0.051766 0.189704
0 0.266245 0.453662 0.023625 0.115880
0 0.031711 0.306102 0.019974 0.080407
0 0.255052 0.263167 0.018073 0.064926
0 0.317021 0.269356 0.015385 0.066861
0 0.168823 0.337375 0.015677 0.090306
0 0.860487 0.371111 0.031703 0.111574
0 0.294430 0.233167 0.015151 0.069315
0 0.430391 0.288681 0.022604 0.079880
0 0.609846 0.254884 0.029151 0.080009
0 0.528693 0.223833 0.016927 0.075241
0 0.442182 0.262412 0.014521 0.074287
0 0.442818 0.249130 0.014313 0.046389
1 0.595716 0.277403 0.007391 0.012824