0 0.632617 0.276551 0.022297 0.098046
1 0.528805 0.183491 0.010266 0.015870
0 0.705797 0.214458 0.016948 0.041120
0 0.607669 0.222301 0.018401 0.081657
0 0.496099 0.221028 0.019812 0.091648
0 0.365750 0.392551 0.022490 0.124324
0 0.130279 0.507310 0.026922 0.145269
0 0.581815 0.391630 0.026849 0.121648
0 0.760659 0.304657 0.020714 0.105704
0 0.996992 0.374750 0.006016 0.092370
0 0.228638 0.210977 0.020578 0.086435
1 0.281695 0.304255 0.009974 0.015528
0 0.106984 0.296204 0.027531 0.093778
0 0.707927 0.274019 0.022229 0.095963
