0 0.487268 0.210347 0.020370 0.085380
0 0.068135 0.163616 0.017042 0.076324
0 0.861708 0.266843 0.022771 0.098704
0 0.602005 0.215046 0.018531 0.088389
0 0.132539 0.187491 0.015849 0.077056
0 0.860581 0.198787 0.020089 0.072019
0 0.714917 0.168185 0.016719 0.072704
0 0.756849 0.144324 0.015958 0.073519
0 0.367086 0.216056 0.018505 0.088704
0 0.107018 0.160676 0.017703 0.073889
0 0.600815 0.306236 0.023849 0.086324
0 0.690349 0.457681 0.033396 0.120009
0 0.545240 0.166208 0.017865 0.068157
0 0.372357 0.151463 0.015839 0.070704
0 0.470216 0.133176 0.015807 0.067259
0 0.404763 0.168787 0.025849 0.066352
1 0.538997 0.194333 0.007193 0.012259
1 0.537766 0.194593 0.007396 0.011481
