0 0.802690 0.329745 0.024234 0.103676
1 0.342497 0.510532 0.011589 0.017528
0 0.465411 0.187028 0.015219 0.065500
0 0.051026 0.420644 0.022813 0.101269
0 0.560490 0.378486 0.034948 0.103028
0 0.652732 0.316866 0.021026 0.094343
0 0.008943 0.449306 0.017885 0.089333
0 0.306552 0.463032 0.034594 0.113954
0 0.482690 0.331588 0.019276 0.097972
0 0.463112 0.465852 0.027630 0.098537
0 0.229599 0.697796 0.034198 0.141222
0 0.641378 0.453019 0.025484 0.106889
0 0.631414 0.276356 0.016266 0.081361
0 0.678419 0.349532 0.024161 0.118583
0 0.111919 0.653870 0.048745 0.142630
0 0.403708 0.377463 0.026094 0.108407
0 0.349263 0.292333 0.019745 0.082870
0 0.060555 0.624935 0.039964 0.158148