0 0.387167 0.215625 0.022510 0.065065
0 0.453253 0.266986 0.024755 0.102231
0 0.526029 0.311991 0.030005 0.107352
0 0.971471 0.362171 0.030891 0.118287
0 0.787122 0.435519 0.025526 0.125667
0 0.127888 0.469616 0.026703 0.145176
0 0.987044 0.319718 0.020474 0.090009
0 0.844828 0.458727 0.030417 0.131139
0 0.653185 0.260634 0.018766 0.091843
0 0.620177 0.228880 0.017417 0.077056
0 0.282839 0.200556 0.018281 0.080370
0 0.415888 0.263653 0.024099 0.102769
0 0.581737 0.223046 0.022557 0.075185
0 0.964802 0.284106 0.026271 0.098898
0 0.743945 0.295079 0.022609 0.095324
0 0.559885 0.248731 0.036656 0.031333
0 0.115172 0.257463 0.023729 0.070241
0 0.876818 0.245671 0.027406 0.083657
