0 0.104339 0.286194 0.024240 0.089352
0 0.342378 0.375750 0.020161 0.112167
0 0.516846 0.389940 0.023786 0.112898
0 0.374669 0.350190 0.024932 0.113157
0 0.724919 0.305963 0.016266 0.107852
0 0.455253 0.305949 0.021505 0.108657
0 0.272953 0.273634 0.016698 0.095231
0 0.328469 0.250426 0.017563 0.084537
0 0.062635 0.244380 0.018115 0.083222
0 0.085120 0.358745 0.019479 0.109991
0 0.239958 0.429958 0.029969 0.127435
0 0.497740 0.332750 0.019104 0.106500
0 0.087596 0.262940 0.017839 0.089157
0 0.482266 0.306296 0.016281 0.101000
0 0.178224 0.366444 0.023167 0.112204
0 0.169641 0.360426 0.017010 0.119611
