0 0.631250 0.808023 0.036646 0.169787
0 0.985323 0.767806 0.029354 0.217741
0 0.837016 0.666134 0.038937 0.138398
0 0.187094 0.555417 0.026490 0.122926
0 0.831927 0.554713 0.021833 0.103426
0 0.820516 0.662083 0.040542 0.146815
0 0.278034 0.593176 0.026339 0.131148
0 0.303836 0.612264 0.040495 0.133343
0 0.415161 0.567449 0.028531 0.108417
0 0.092299 0.951412 0.040630 0.096250
0 0.917279 0.663148 0.025651 0.131667
0 0.339781 0.698713 0.027333 0.144037
0 0.447148 0.571616 0.031016 0.110713
0 0.990935 0.707852 0.018130 0.081370
1 0.490190 0.424903 0.010901 0.018287
0 0.826896 0.472481 0.021844 0.090333