0 0.340102 0.208083 0.020599 0.082963
0 0.419180 0.287532 0.021109 0.094639
0 0.127477 0.445171 0.026589 0.136361
0 0.378417 0.384398 0.028417 0.132389
0 0.533247 0.279403 0.028443 0.090417
0 0.680568 0.190773 0.017062 0.082435
0 0.951628 0.275356 0.025870 0.109787
0 0.777932 0.196352 0.018229 0.086481
0 0.212878 0.259083 0.018964 0.090074
0 0.396643 0.207713 0.018130 0.084796
0 0.127169 0.226171 0.018234 0.077546
0 0.317102 0.214556 0.017255 0.094852
0 0.233638 0.258759 0.016109 0.088000
0 0.263026 0.207046 0.019344 0.091019
0 0.219440 0.202662 0.022620 0.044917
1 0.619539 0.202338 0.008693 0.014639
0 0.552221 0.287000 0.021839 0.103722