0 0.947273 0.620023 0.024068 0.092176
0 0.013979 0.592106 0.027146 0.094491
1 0.021487 0.636588 0.008953 0.015046
0 0.993401 0.563120 0.013104 0.097000
0 0.987484 0.551588 0.018323 0.085731
0 0.933464 0.586847 0.019104 0.084009
0 0.734763 0.504287 0.017307 0.080037
0 0.989156 0.562176 0.021688 0.100259
0 0.957380 0.558190 0.016667 0.071139
0 0.790932 0.551375 0.016083 0.082694
0 0.758773 0.537685 0.020578 0.068685
0 0.924786 0.551704 0.023885 0.086685
0 0.837159 0.569792 0.024984 0.094361
0 0.806841 0.518722 0.019307 0.084556
0 0.673771 0.591139 0.017677 0.090426