0 0.610466 0.099014 0.026432 0.074861
0 0.956242 0.202977 0.021234 0.117176
0 0.607339 0.097458 0.004781 0.075787
0 0.943526 0.204074 0.021885 0.117537
0 0.676586 0.087769 0.021526 0.063426
0 0.503914 0.109935 0.017245 0.078500
0 0.513229 0.140394 0.019708 0.084528
0 0.406753 0.384181 0.043130 0.143231
0 0.563018 0.135731 0.017536 0.096074
0 0.984760 0.242144 0.023708 0.111639
0 0.754667 0.112731 0.017563 0.086241
0 0.035596 0.143528 0.017703 0.085981
0 0.420974 0.152657 0.021760 0.089907
0 0.646586 0.196065 0.018453 0.099185
0 0.861151 0.195139 0.019469 0.106870
0 0.211740 0.209588 0.020354 0.107583
0 0.584083 0.294574 0.029781 0.122870
0 0.159201 0.219319 0.023943 0.100102
