0 0.484930 0.707347 0.013839 0.058546
0 0.227818 0.734231 0.011604 0.052926
0 0.486279 0.702222 0.013359 0.059648
0 0.170911 0.691292 0.010229 0.050083
0 0.353487 0.670662 0.011505 0.057398
0 0.673336 0.624750 0.007932 0.033648
0 0.740945 0.663769 0.011026 0.043870
0 0.271443 0.836810 0.020958 0.076065
0 0.536750 0.700250 0.009979 0.044444
0 0.495961 0.630611 0.007818 0.031426
0 0.486044 0.624528 0.007495 0.034981
0 0.728549 0.720347 0.011453 0.053157
0 0.319875 0.611273 0.007135 0.029009
0 0.557411 0.663532 0.009479 0.043361
0 0.626440 0.822856 0.021328 0.074065
0 0.511263 0.821273 0.015599 0.070898
0 0.547133 0.695694 0.010266 0.047444
0 0.241180 0.652366 0.010880 0.039880
0 0.741284 0.649935 0.010891 0.076278
0 0.742609 0.629380 0.010792 0.035722
0 0.741914 0.641968 0.011578 0.057102
0 0.548893 0.619778 0.007182 0.027148
0 0.537448 0.632556 0.007990 0.031704