0 0.150411 0.352588 0.023375 0.117287
0 0.765247 0.204176 0.024891 0.083796
0 0.845078 0.309778 0.025375 0.113556
0 0.351036 0.243245 0.021146 0.093917
0 0.475070 0.322380 0.023526 0.110259
0 0.463768 0.221361 0.021849 0.098907
0 0.622146 0.183486 0.016812 0.082491
0 0.426875 0.426949 0.027292 0.134935
0 0.423133 0.172731 0.016943 0.062185
0 0.544578 0.158611 0.021740 0.071407
0 0.452846 0.153954 0.017078 0.076426
0 0.695081 0.230083 0.018786 0.093778
0 0.569120 0.180708 0.017979 0.067806
0 0.707620 0.224273 0.018573 0.054213
1 0.584872 0.183310 0.006828 0.015417
0 0.312870 0.243315 0.020250 0.099778
0 0.711185 0.283639 0.025005 0.104000
0 0.250755 0.294708 0.022719 0.110083
