0 0.243237 0.225944 0.017776 0.076796
0 0.305820 0.327699 0.026797 0.106620
0 0.197807 0.336796 0.020458 0.112259
0 0.190109 0.498162 0.024646 0.135509
0 0.966307 0.319449 0.026885 0.101120
0 0.665742 0.303315 0.018359 0.089537
0 0.622258 0.237676 0.016182 0.083556
0 0.349078 0.205546 0.014990 0.072185
0 0.842859 0.206329 0.017115 0.077565
0 0.602510 0.230495 0.018656 0.080509
0 0.693599 0.180009 0.013854 0.070519
0 0.808089 0.188019 0.016521 0.050167
0 0.521510 0.200847 0.015312 0.070194
0 0.878721 0.258102 0.021901 0.082500
0 0.488896 0.190764 0.013646 0.072991
0 0.477172 0.176704 0.014021 0.065593
0 0.116388 0.191065 0.020557 0.068889
0 0.887664 0.213046 0.022151 0.071241
