0 0.368344 0.339190 0.033740 0.106769
0 0.445716 0.285069 0.029224 0.085843
0 0.129185 0.534370 0.034911 0.137907
0 0.553385 0.350255 0.024354 0.120991
0 0.312531 0.227106 0.016219 0.079880
0 0.726760 0.304440 0.022646 0.107750
0 0.687716 0.282593 0.021359 0.098926
0 0.570448 0.221833 0.020542 0.081667
0 0.658224 0.591069 0.038010 0.158824
0 0.260628 0.472074 0.030464 0.094667
1 0.604909 0.535148 0.014036 0.023241
0 0.848789 0.316926 0.021411 0.104870
0 0.946240 0.470949 0.028042 0.132157
0 0.395990 0.469134 0.028583 0.131102
0 0.648036 0.483532 0.022469 0.101954
0 0.146380 0.192736 0.019208 0.067120
0 0.837500 0.327907 0.023229 0.111185
0 0.264099 0.553296 0.034229 0.138537
