1 0.411581 0.368755 0.013974 0.026454
0 0.128750 0.458384 0.032208 0.105935
0 0.711477 0.453120 0.023380 0.105519
0 0.758102 0.429907 0.023651 0.109167
0 0.799724 0.569815 0.039979 0.122907
0 0.934898 0.485449 0.027172 0.122583
0 0.061643 0.614074 0.022734 0.147537
0 0.570307 0.363796 0.017656 0.079722
0 0.793060 0.480167 0.026047 0.108630
0 0.349977 0.461894 0.022776 0.101972
0 0.267211 0.795519 0.048807 0.212426
0 0.347510 0.406412 0.019417 0.044972
0 0.301768 0.368273 0.014266 0.087102
0 0.957698 0.471153 0.021906 0.124491
0 0.233414 0.370769 0.020422 0.081630
0 0.991076 0.523977 0.017516 0.120917
0 0.022706 0.781644 0.045318 0.187750
