0 0.515807 0.460486 0.014979 0.083065
0 0.819221 0.333083 0.012286 0.046944
1 0.428039 0.472588 0.007380 0.013861
1 0.755276 0.853532 0.005917 0.010546
1 0.754997 0.905579 0.006370 0.012694
0 0.897581 0.382389 0.014047 0.066185
0 0.461120 0.291329 0.009010 0.033250
1 0.714828 0.901685 0.006990 0.013759
0 0.702323 0.413292 0.015510 0.054435
1 0.714982 0.849597 0.006172 0.012250
0 0.105177 0.360736 0.012906 0.053731
0 0.501500 0.299944 0.010667 0.039574
0 0.740641 0.423620 0.015250 0.070278
0 0.480081 0.389282 0.012766 0.040231
0 0.704888 0.522903 0.021276 0.095546
0 0.421846 0.487093 0.020370 0.084389
0 0.323932 0.365722 0.012354 0.057667
0 0.893690 0.488296 0.023297 0.093685
0 0.253596 0.468306 0.020214 0.075833
0 0.617779 0.487736 0.013370 0.087417
0 0.757557 0.428343 0.015552 0.071889
0 0.461471 0.421398 0.014984 0.066667
0 0.410154 0.513810 0.018880 0.087176
0 0.913370 0.430676 0.015750 0.074704
0 0.450036 0.339898 0.011208 0.045611
0 0.598268 0.327366 0.010234 0.046583
0 0.594747 0.481431 0.015474 0.083324
