0 0.914922 0.414375 0.028615 0.127991
0 0.689721 0.374639 0.019130 0.102963
0 0.538237 0.399958 0.023620 0.107806
0 0.497208 0.405787 0.024042 0.108111
0 0.801224 0.481542 0.027042 0.135676
0 0.239341 0.514676 0.028807 0.152037
0 0.665263 0.375556 0.022266 0.101167
0 0.780862 0.347454 0.023318 0.095093
0 0.809943 0.382829 0.032010 0.095843
0 0.553268 0.348287 0.020651 0.090056
0 0.410109 0.332574 0.020979 0.090315
0 0.726172 0.353634 0.019552 0.079509
0 0.798383 0.414648 0.022505 0.041574
0 0.588846 0.426153 0.025464 0.120120
0 0.062263 0.423662 0.030766 0.119954
0 0.018750 0.392935 0.020021 0.111963
0 0.286445 0.415546 0.025307 0.115370
