0 0.356464 0.465000 0.013708 0.061963
0 0.860727 0.681130 0.022182 0.098148
0 0.107367 0.786407 0.027911 0.130019
0 0.158039 0.519681 0.014849 0.075398
0 0.407945 0.493130 0.012036 0.067278
0 0.234661 0.551963 0.017927 0.077093
0 0.361281 0.595375 0.020615 0.082120
0 0.757391 0.808333 0.019917 0.126815
0 0.557326 0.526532 0.015599 0.073120
0 0.775552 0.508472 0.015250 0.070870
0 0.297070 0.466662 0.010599 0.056102
0 0.587622 0.474125 0.010620 0.056954
0 0.668164 0.477556 0.010609 0.053648
0 0.487786 0.513491 0.013531 0.062907
0 0.804328 0.547139 0.018281 0.079833
0 0.794417 0.536569 0.012104 0.079472
0 0.072508 0.579880 0.017516 0.087407
0 0.487474 0.571639 0.014865 0.076019
0 0.211549 0.427958 0.010828 0.051194
