0 0.548177 0.968329 0.040010 0.063343
0 0.630852 0.167991 0.015286 0.048944
1 0.825461 0.665190 0.012349 0.018139
0 0.382299 0.311778 0.016776 0.080981
0 0.859466 0.399593 0.023547 0.091056
0 0.447844 0.158532 0.013385 0.054602
0 0.996060 0.307870 0.007880 0.095648
0 0.699000 0.173921 0.011448 0.045917
0 0.194831 0.235597 0.020214 0.070065
0 0.847526 0.220329 0.016719 0.069454
0 0.251776 0.204088 0.012719 0.060639
0 0.277130 0.217514 0.015740 0.062898
0 0.003372 0.568639 0.006714 0.086593
0 0.612372 0.246611 0.014672 0.063741
0 0.376109 0.326236 0.016323 0.081917
0 0.685156 0.349171 0.017479 0.083139
0 0.110198 0.349583 0.027063 0.091722
0 0.663771 0.238694 0.014313 0.067148
0 0.401362 0.297495 0.017453 0.078028
0 0.609935 0.508218 0.030182 0.121731
0 0.862698 0.611167 0.033896 0.126278
