0 0.436253 0.446931 0.010786 0.051287
0 0.374555 0.391245 0.010422 0.041194
1 0.732914 0.467509 0.005391 0.011222
0 0.609982 0.572856 0.018255 0.083991
0 0.844388 0.826463 0.030953 0.131352
0 0.365234 0.531463 0.013167 0.067241
0 0.325122 0.598713 0.016057 0.082685
0 0.114768 0.635236 0.018693 0.086731
0 0.225206 0.543833 0.013495 0.074926
0 0.495573 0.522560 0.012271 0.066194
0 0.510734 0.517144 0.012229 0.065991
0 0.263721 0.515847 0.014068 0.066565
0 0.957635 0.555810 0.015583 0.072898
0 0.412755 0.524421 0.014167 0.063509
0 0.282065 0.480213 0.013318 0.067722
0 0.466862 0.459412 0.012651 0.056898
0 0.676951 0.453134 0.015047 0.045917
0 0.297411 0.626417 0.017438 0.090944
0 0.430914 0.427287 0.012620 0.040981
0 0.740286 0.451421 0.012865 0.047639
0 0.496885 0.403847 0.009979 0.034824
