0 0.413516 0.466199 0.018271 0.079213
0 0.449063 0.368245 0.018177 0.058213
0 0.376711 0.387921 0.013005 0.058065
0 0.336292 0.403222 0.023750 0.061426
0 0.821039 0.365157 0.015432 0.056037
0 0.738604 0.397833 0.015188 0.063778
0 0.388242 0.452912 0.025089 0.075231
0 0.559500 0.432625 0.015156 0.073417
0 0.495576 0.375505 0.013370 0.055861
0 0.681810 0.397241 0.015318 0.063907
0 0.075872 0.530671 0.031911 0.085491
0 0.278948 0.418236 0.024833 0.071694
0 0.543063 0.465310 0.020635 0.082620
0 0.435885 0.537824 0.027927 0.111593
0 0.745320 0.578213 0.027016 0.119537
0 0.462469 0.348556 0.012667 0.045333
0 0.683539 0.357769 0.013536 0.044093
0 0.872073 0.406069 0.016698 0.090324
0 0.875802 0.366398 0.012333 0.038852
0 0.480438 0.354588 0.012865 0.047620
