0 0.563138 0.293088 0.012016 0.053602
0 0.135089 0.291606 0.013406 0.053565
1 0.212727 0.709431 0.010526 0.015694
0 0.665193 0.600537 0.021615 0.105000
0 0.865674 0.475028 0.023911 0.101333
0 0.354570 0.499551 0.020891 0.093787
0 0.547844 0.579963 0.030042 0.105370
0 0.184982 0.678398 0.023141 0.134815
0 0.573396 0.393486 0.017479 0.071787
0 0.730919 0.409208 0.018557 0.080528
0 0.468477 0.495898 0.017630 0.097426
0 0.772362 0.409644 0.018276 0.079491
0 0.096156 0.441329 0.019469 0.090917
0 0.408906 0.450958 0.018354 0.093083
0 0.658432 0.352653 0.013094 0.065824
0 0.695164 0.423106 0.015432 0.076009
0 0.919833 0.793750 0.038104 0.168407
0 0.710255 0.355884 0.014677 0.061620
0 0.600206 0.354019 0.016151 0.067648
0 0.594521 0.416125 0.014104 0.084472
