0 0.186021 0.363269 0.016365 0.070222
0 0.150409 0.282083 0.012089 0.046074
0 0.284268 0.318250 0.011755 0.062148
0 0.089313 0.326995 0.011083 0.054231
0 0.070776 0.322306 0.013656 0.059537
0 0.359786 0.408963 0.017781 0.083259
0 0.679130 0.316060 0.015615 0.067306
0 0.431427 0.466144 0.019948 0.099398
0 0.006424 0.374769 0.012818 0.079056
0 0.383409 0.384898 0.018068 0.078444
1 0.957885 0.920495 0.007167 0.010917
0 0.815924 0.467343 0.020495 0.107593
0 0.211372 0.483699 0.021797 0.103731
0 0.237576 0.554843 0.024078 0.123667
0 0.104938 0.371134 0.014792 0.070935
0 0.370440 0.577259 0.028130 0.135852
1 0.480615 0.987667 0.006833 0.011685
1 0.429625 0.992653 0.006333 0.011898
0 0.534784 0.397194 0.019005 0.080722
1 0.883917 0.980963 0.007698 0.014963
1 0.977990 0.973968 0.008625 0.014639
1 0.531102 0.984491 0.007766 0.013870
1 0.689661 0.346472 0.005458 0.011093
0 0.181570 0.392255 0.019026 0.080509
0 0.383586 0.311417 0.012453 0.051259
