1 0.876677 0.817602 0.017115 0.028870
0 0.309156 0.605569 0.023646 0.118750
0 0.641060 0.525153 0.040432 0.091306
0 0.031969 0.465722 0.021646 0.084907
0 0.643224 0.383944 0.019719 0.096389
0 0.377872 0.400292 0.015880 0.075657
0 0.456555 0.287167 0.011068 0.050907
0 0.860701 0.298764 0.017328 0.066676
0 0.490956 0.424764 0.015672 0.080713
0 0.310526 0.373060 0.016427 0.072306
0 0.385635 0.270407 0.013625 0.054907
0 0.499789 0.341500 0.016193 0.069278
0 0.523044 0.329736 0.017005 0.063380
0 0.849549 0.730370 0.042474 0.116889
0 0.828995 0.801241 0.037667 0.126167
0 0.299034 0.288023 0.010328 0.056565
0 0.312831 0.318458 0.012193 0.053602
0 0.595208 0.512713 0.027792 0.075074
0 0.142727 0.285704 0.015224 0.060463
0 0.137234 0.268264 0.010719 0.040991
