0 0.709797 0.442713 0.007000 0.032574
0 0.257721 0.506319 0.009578 0.050731
0 0.660990 0.440125 0.007750 0.030769
0 0.501961 0.454926 0.008172 0.016148
0 0.916052 0.447639 0.010750 0.033074
0 0.938443 0.469213 0.009990 0.049667
0 0.432951 0.507056 0.010401 0.048148
0 0.287721 0.461208 0.008307 0.037509
1 0.297122 0.475356 0.003255 0.006306
0 0.991102 0.615171 0.017068 0.087509
0 0.571703 0.534736 0.012167 0.062250
0 0.938109 0.550454 0.015740 0.071593
0 0.421008 0.450815 0.008432 0.037167
0 0.870104 0.455065 0.008292 0.037889
0 0.684487 0.466125 0.008026 0.039306
0 0.964026 0.537708 0.015167 0.064750
0 0.892617 0.464870 0.010078 0.042907
0 0.698888 0.509028 0.013693 0.062537
0 0.637716 0.474403 0.011932 0.040343
0 0.501513 0.482014 0.010453 0.054676
0 0.977698 0.514713 0.011542 0.059130
0 0.700760 0.504514 0.013281 0.062787
