0 0.719385 0.729380 0.032708 0.138130
0 0.188138 0.728421 0.038464 0.146194
0 0.652591 0.428463 0.014339 0.061111
0 0.355422 0.514699 0.020479 0.085639
0 0.070549 0.724597 0.032172 0.143769
0 0.650917 0.750648 0.034937 0.131944
0 0.506674 0.432366 0.015286 0.062676
0 0.025521 0.460889 0.018760 0.072315
0 0.250286 0.687134 0.031521 0.132787
0 0.994318 0.566968 0.011365 0.109972
0 0.676094 0.685611 0.031635 0.087463
0 0.096490 0.676653 0.020896 0.132361
0 0.770432 0.461426 0.017021 0.069463
0 0.582151 0.387907 0.013448 0.041852
0 0.664164 0.556463 0.018526 0.099389
0 0.777750 0.422532 0.014188 0.044954
0 0.673995 0.533269 0.018937 0.088111
1 0.752359 0.766407 0.011719 0.021315
0 0.458151 0.454255 0.014375 0.065102
0 0.431661 0.544736 0.020333 0.095639
0 0.402365 0.514903 0.026688 0.088324
0 0.183185 0.551255 0.019724 0.099731
