0 0.568536 0.529412 0.016792 0.102491
0 0.524424 0.694301 0.020547 0.126417
0 0.614169 0.653718 0.026214 0.137528
0 0.524174 0.501602 0.017766 0.091241
0 0.150523 0.513398 0.019974 0.093556
0 0.673003 0.595699 0.023682 0.109528
0 0.480307 0.560556 0.028094 0.098685
0 0.430302 0.447412 0.017510 0.093102
0 0.977104 0.724190 0.038031 0.139917
0 0.798591 0.458750 0.020276 0.083778
0 0.542208 0.519843 0.020896 0.099833
0 0.383979 0.566310 0.036792 0.093546
0 0.731888 0.902009 0.031599 0.149981
0 0.591737 0.635329 0.026911 0.112620
0 0.459878 0.455894 0.017922 0.075194
0 0.494701 0.700731 0.023932 0.119667
1 0.050221 0.673667 0.010745 0.017037
0 0.596826 0.563241 0.022266 0.066296
