0 0.215964 0.358481 0.010958 0.043685
0 0.227195 0.378509 0.011755 0.051185
0 0.085745 0.523764 0.026531 0.105157
0 0.570971 0.510116 0.019797 0.102694
0 0.674911 0.444162 0.017177 0.081213
0 0.846924 0.450046 0.017609 0.081648
0 0.932331 0.434898 0.019099 0.081222
0 0.733539 0.391588 0.022589 0.061713
0 0.821250 0.395569 0.020125 0.066954
0 0.774156 0.378111 0.013385 0.057611
0 0.357292 0.443727 0.017000 0.083861
0 0.439826 0.426907 0.019089 0.073648
0 0.345406 0.391259 0.013323 0.060463
0 0.652844 0.406949 0.013385 0.063194
0 0.557232 0.413556 0.014568 0.073889
0 0.897078 0.736403 0.042708 0.141398
0 0.525888 0.345602 0.014974 0.053407
0 0.258279 0.418486 0.012901 0.072361
1 0.466437 0.434014 0.005542 0.011361
0 0.553565 0.366380 0.014609 0.037315
0 0.225591 0.413806 0.017682 0.069833
