0 0.502747 0.443523 0.024443 0.097546
1 0.352888 0.503981 0.009245 0.016611
0 0.139737 0.542093 0.028161 0.085500
0 0.202633 0.459037 0.022172 0.089722
0 0.123888 0.472722 0.024589 0.101185
0 0.229930 0.548144 0.041578 0.092491
0 0.683990 0.422486 0.025500 0.109787
0 0.487685 0.415819 0.018776 0.094602
0 0.758622 0.303250 0.017359 0.076500
0 0.316549 0.526440 0.028099 0.129528
0 0.426945 0.624199 0.042911 0.124454
0 0.112990 0.584838 0.033104 0.132991
0 0.624948 0.325412 0.016573 0.079120
0 0.719781 0.304958 0.018677 0.070954
0 0.592539 0.329569 0.020078 0.093620
0 0.443013 0.450329 0.021224 0.097713
0 0.390063 0.412213 0.026479 0.095685
0 0.381885 0.294815 0.017875 0.074852
0 0.326773 0.491648 0.020443 0.099056
0 0.946112 0.207097 0.014620 0.054213
