0 0.420005 0.780750 0.039115 0.111944
0 0.657979 0.484611 0.015271 0.073426
0 0.614435 0.414468 0.011839 0.063880
0 0.279000 0.460977 0.016135 0.080935
0 0.228349 0.751944 0.025240 0.120222
0 0.433443 0.387667 0.011417 0.054815
0 0.362039 0.541218 0.016620 0.080139
0 0.986208 0.405343 0.012969 0.064611
0 0.389148 0.635560 0.030391 0.102380
0 0.185445 0.578810 0.020224 0.095269
0 0.548141 0.803620 0.031792 0.139815
0 0.044846 0.600852 0.036047 0.090259
0 0.328055 0.789352 0.055078 0.117889
0 0.010234 0.344403 0.012156 0.055843
0 0.855589 0.821486 0.021000 0.140435
0 0.360557 0.472426 0.018021 0.071278
0 0.730224 0.463810 0.016073 0.070787
1 0.367823 0.804361 0.012385 0.020481
