0 0.583411 0.416296 0.018073 0.049426
0 0.579888 0.522333 0.018755 0.080611
0 0.569471 0.418370 0.014776 0.051093
0 0.630833 0.379731 0.014250 0.042463
0 0.717891 0.404593 0.011594 0.039407
0 0.681003 0.404227 0.018828 0.046583
0 0.501781 0.524741 0.019438 0.092907
0 0.651500 0.495671 0.018396 0.072046
0 0.096315 0.459463 0.019495 0.077611
0 0.277477 0.585787 0.023578 0.106556
0 0.334581 0.656282 0.024005 0.110491
0 0.724862 0.443171 0.017526 0.066657
0 0.956221 0.555370 0.018036 0.086130
0 0.415052 0.501981 0.017906 0.086185
0 0.963953 0.461509 0.016719 0.067407
0 0.894411 0.475560 0.014563 0.072639
0 0.966250 0.640000 0.020396 0.101315
0 0.068724 0.755005 0.027302 0.143398
0 0.805161 0.665602 0.032656 0.112741
