1 0.794867 0.732167 0.015557 0.024648
0 0.099164 0.377676 0.019380 0.079759
0 0.201049 0.363917 0.015620 0.082963
0 0.383063 0.427352 0.026708 0.093833
0 0.058128 0.392014 0.020526 0.094713
0 0.308997 0.428199 0.019495 0.098343
0 0.233255 0.354412 0.014260 0.077046
0 0.126620 0.423477 0.022469 0.096657
0 0.024089 0.402370 0.024396 0.090222
0 0.132078 0.384005 0.017656 0.090194
1 0.950823 0.485815 0.010635 0.016537
0 0.297328 0.362500 0.016177 0.079648
0 0.003208 0.386005 0.006417 0.096028
0 0.031810 0.402162 0.018464 0.089009
0 0.049867 0.348977 0.012224 0.038824
0 0.057091 0.346417 0.015141 0.026796
