0 0.370620 0.512843 0.024625 0.113074
0 0.062292 0.481176 0.021375 0.090278
0 0.477331 0.667815 0.025380 0.127796
0 0.326357 0.613134 0.049859 0.130657
0 0.149422 0.382389 0.013792 0.064278
0 0.578148 0.438870 0.017297 0.084815
0 0.652578 0.412991 0.017073 0.082981
0 0.866302 0.406560 0.018438 0.082861
0 0.213909 0.552852 0.023734 0.121926
0 0.429495 0.508782 0.019760 0.107935
0 0.007544 0.464935 0.015089 0.100537
0 0.104057 0.583588 0.021958 0.115083
0 0.175669 0.333037 0.011057 0.046259
0 0.956591 0.476231 0.015589 0.088778
0 0.183458 0.368676 0.016917 0.064981
0 0.375297 0.454032 0.017698 0.079213
0 0.579560 0.334009 0.012224 0.062352
0 0.175826 0.426097 0.017411 0.081657
0 0.820193 0.403005 0.016302 0.076028
0 0.949820 0.499569 0.023766 0.102102
0 0.714576 0.353042 0.012026 0.059935
