0 0.083018 0.417282 0.016161 0.073954
0 0.164849 0.627102 0.027187 0.147463
0 0.652969 0.912347 0.033219 0.170509
0 0.260464 0.739356 0.034000 0.170917
0 0.241719 0.466792 0.019813 0.094157
0 0.905680 0.470829 0.019578 0.109583
0 0.055010 0.442875 0.018292 0.090583
0 0.102977 0.460907 0.018578 0.086500
0 0.570526 0.468412 0.019323 0.095935
0 0.455505 0.476185 0.017812 0.095648
0 0.669799 0.488833 0.020661 0.106093
0 0.343526 0.378843 0.012417 0.067815
0 0.543685 0.415741 0.014370 0.072296
0 0.246956 0.353708 0.011818 0.050676
0 0.485716 0.407019 0.018214 0.075630
0 0.184930 0.373065 0.013349 0.066185
0 0.260570 0.392106 0.014911 0.065676
0 0.738276 0.377537 0.018812 0.061444
0 0.193812 0.353440 0.012948 0.050102
1 0.716094 0.403866 0.006896 0.012917
0 0.004302 0.493815 0.008604 0.140426
0 0.003534 0.510556 0.007047 0.103204
