0 0.064719 0.391926 0.012740 0.056741
0 0.871990 0.678181 0.023490 0.097713
0 0.942490 0.366407 0.014156 0.041463
0 0.232091 0.501347 0.014891 0.059583
0 0.993008 0.402204 0.013276 0.046222
0 0.586703 0.344384 0.009083 0.035620
0 0.224555 0.536028 0.024141 0.089370
1 0.233193 0.567787 0.007938 0.013056
0 0.758990 0.662056 0.020865 0.097796
0 0.257776 0.793907 0.021687 0.109593
0 0.349565 0.640079 0.021005 0.107806
0 0.815526 0.446375 0.014656 0.060898
0 0.988714 0.518560 0.021781 0.066231
0 0.541578 0.403560 0.011958 0.052694
0 0.629523 0.466380 0.017526 0.057704
0 0.469544 0.428736 0.013526 0.051009
0 0.976055 0.467681 0.022641 0.062120
0 0.498812 0.374222 0.011573 0.048148
0 0.417448 0.369843 0.010823 0.049574
0 0.391232 0.375778 0.011089 0.049500
0 0.761273 0.380556 0.019609 0.057593
0 0.467555 0.498505 0.020859 0.084269
