0 0.192826 0.408148 0.016953 0.077167
0 0.419820 0.393023 0.010266 0.082843
0 0.430003 0.392412 0.011255 0.086324
0 0.697870 0.480782 0.019167 0.097620
0 0.741396 0.604676 0.023042 0.121204
0 0.717443 0.580731 0.021594 0.120333
0 0.987177 0.585412 0.024563 0.124398
0 0.461013 0.465968 0.018068 0.092157
0 0.278128 0.755593 0.028797 0.155222
0 0.886151 0.426292 0.013906 0.091009
0 0.057352 0.436014 0.016807 0.088769
0 0.180685 0.760236 0.041036 0.147861
0 0.354807 0.404509 0.026042 0.074889
0 0.227161 0.465333 0.019052 0.093463
