0 0.714268 0.453620 0.028578 0.085463
0 0.410479 0.473551 0.016542 0.088213
0 0.767938 0.522681 0.036271 0.105824
0 0.612898 0.552398 0.031745 0.125185
0 0.841648 0.420250 0.022349 0.097667
0 0.988904 0.514116 0.021807 0.110917
0 0.194411 0.593032 0.029240 0.111509
0 0.203685 0.493056 0.026901 0.106000
0 0.649497 0.461088 0.017536 0.097861
0 0.380594 0.387662 0.015896 0.083120
0 0.572063 0.393657 0.018323 0.083056
0 0.151359 0.615449 0.028260 0.119398
0 0.297448 0.473931 0.020719 0.092880
0 0.773143 0.406903 0.014984 0.087120
0 0.327784 0.329269 0.012391 0.057667
0 0.308396 0.425745 0.019948 0.087065
0 0.419354 0.452176 0.016000 0.087315
0 0.876055 0.313153 0.015047 0.061843
0 0.012172 0.617944 0.024198 0.145815
1 0.591185 0.294292 0.010016 0.019639
