0 0.736643 0.361634 0.020964 0.068528
0 0.544232 0.393204 0.022109 0.071481
0 0.130914 0.395116 0.018516 0.091972
0 0.329461 0.582606 0.026786 0.125139
0 0.929820 0.557005 0.025453 0.108417
0 0.455716 0.340801 0.013807 0.061102
1 0.432112 0.370514 0.007099 0.012065
0 0.357638 0.380681 0.017161 0.071083
0 0.806518 0.493486 0.015828 0.098194
0 0.690203 0.880065 0.031740 0.167463
0 0.584047 0.355676 0.017333 0.070463
0 0.049461 0.502065 0.023286 0.108407
0 0.480263 0.340769 0.012141 0.054370
0 0.948615 0.356181 0.012000 0.070157
0 0.937839 0.356255 0.013594 0.072287
0 0.206747 0.741093 0.027484 0.154074
0 0.737177 0.484125 0.020313 0.097657
0 0.980357 0.397977 0.018818 0.076843
0 0.566622 0.508319 0.023078 0.105806
0 0.980406 0.658667 0.023417 0.130019
