0 0.535560 0.891394 0.032776 0.160213
0 0.431115 0.547324 0.021438 0.092296
0 0.770953 0.624810 0.022990 0.115750
0 0.518974 0.588685 0.022938 0.104037
0 0.235745 0.764713 0.027760 0.139537
0 0.392276 0.461273 0.020406 0.073435
0 0.591240 0.462338 0.018667 0.073435
0 0.462654 0.566685 0.018714 0.091259
0 0.209568 0.468343 0.018292 0.033741
0 0.016979 0.613917 0.020052 0.109611
0 0.142773 0.555042 0.020266 0.108676
0 0.476432 0.511560 0.019490 0.082713
0 0.371180 0.436014 0.010953 0.071287
0 0.509393 0.406653 0.011828 0.066694
0 0.207044 0.583968 0.023755 0.127398
0 0.808253 0.459745 0.015214 0.069843
0 0.459172 0.366935 0.016104 0.057148
0 0.565107 0.377685 0.013953 0.053241
0 0.205586 0.502880 0.022536 0.069481
0 0.209833 0.493259 0.018562 0.083259
1 0.800609 0.487111 0.006615 0.010444
