0 0.956927 0.470093 0.020646 0.091111
0 0.444766 0.429287 0.016198 0.095556
0 0.586224 0.459472 0.021969 0.079722
1 0.912448 0.460556 0.007083 0.011463
0 0.921203 0.432176 0.019448 0.073889
0 0.379596 0.528861 0.019995 0.112796
0 0.724599 0.457611 0.016333 0.076611
0 0.407307 0.483843 0.020865 0.109037
0 0.024070 0.421704 0.014516 0.082593
0 0.657398 0.475315 0.026453 0.085463
0 0.118326 0.543755 0.019745 0.106102
0 0.636357 0.408301 0.014693 0.074954
0 0.601802 0.388949 0.012656 0.067565
0 0.278964 0.590514 0.017354 0.113287
0 0.179987 0.454519 0.016724 0.087926
0 0.763917 0.457981 0.014948 0.076907
0 0.777542 0.428065 0.018594 0.057759
0 0.369448 0.461273 0.017281 0.087287
0 0.729810 0.392972 0.013474 0.063074
0 0.738232 0.381398 0.012682 0.063093
0 0.228964 0.530019 0.021292 0.103185
0 0.817747 0.356144 0.020526 0.052250
0 0.664167 0.325972 0.014135 0.054093
