0 0.711885 0.663676 0.020156 0.123111
0 0.386831 0.686986 0.027630 0.119639
0 0.389883 0.473991 0.029484 0.074667
0 0.908687 0.424454 0.022198 0.070019
0 0.476849 0.454954 0.023240 0.082833
0 0.250682 0.547574 0.018875 0.086611
0 0.552685 0.392528 0.022766 0.060259
0 0.756664 0.596718 0.035193 0.100380
0 0.747667 0.523500 0.021125 0.085815
0 0.674672 0.522472 0.027990 0.084148
0 0.156883 0.404472 0.025630 0.055852
0 0.658260 0.378907 0.014823 0.058370
0 0.938148 0.540083 0.020078 0.085926
0 0.739146 0.440843 0.023438 0.074056
0 0.563794 0.549903 0.024422 0.093250
1 0.290732 0.516315 0.008161 0.014833
0 0.733484 0.313898 0.015281 0.044611
0 0.207349 0.542435 0.028542 0.108093
0 0.238099 0.975458 0.032813 0.049083
0 0.334844 0.467463 0.032271 0.073130
0 0.320922 0.480056 0.030656 0.090111
