0 0.183643 0.516093 0.030109 0.144370
0 0.239773 0.421046 0.024161 0.114093
0 0.448521 0.281782 0.015990 0.078213
0 0.413799 0.532167 0.037120 0.140593
0 0.718753 0.339338 0.018057 0.097676
0 0.525383 0.264639 0.015130 0.069370
0 0.366578 0.523398 0.030812 0.144981
0 0.658122 0.405074 0.023234 0.112444
0 0.354646 0.410523 0.021552 0.106676
0 0.069367 0.297060 0.021078 0.086306
0 0.337844 0.302602 0.012479 0.083500
0 0.170497 0.397088 0.022828 0.112787
0 0.320039 0.314023 0.018901 0.087417
0 0.667534 0.306463 0.015193 0.083537
0 0.635198 0.219116 0.014688 0.053861
0 0.977685 0.431366 0.032026 0.129287
0 0.076352 0.562282 0.030620 0.142861
