0 0.257596 0.467625 0.019266 0.055769
0 0.632367 0.482968 0.011703 0.061491
0 0.987596 0.473731 0.018870 0.072037
0 0.795224 0.480528 0.014646 0.066907
0 0.072167 0.573083 0.022573 0.099593
0 0.618060 0.564454 0.019089 0.092019
0 0.880596 0.481218 0.015516 0.068231
0 0.761333 0.776144 0.037438 0.140713
0 0.641398 0.471792 0.010766 0.060657
0 0.806937 0.425153 0.013000 0.045435
0 0.436781 0.424894 0.010167 0.044676
0 0.456828 0.468287 0.013031 0.065111
1 0.294815 0.471889 0.005839 0.011130
0 0.357312 0.409130 0.010812 0.040944
0 0.455591 0.426750 0.013047 0.045444
0 0.455977 0.440870 0.013714 0.074556
0 0.274682 0.450921 0.014969 0.056750
0 0.436508 0.471963 0.014911 0.057630
0 0.742307 0.416398 0.012271 0.056315
