1 0.185839 0.476935 0.004583 0.008796
0 0.660471 0.619755 0.016266 0.083157
0 0.415966 0.804931 0.033141 0.120287
0 0.315516 0.668329 0.023448 0.095657
0 0.765315 0.637005 0.016495 0.083880
0 0.769286 0.524972 0.014500 0.068963
0 0.548424 0.572519 0.013984 0.074000
0 0.474724 0.510324 0.015906 0.063037
0 0.735474 0.520009 0.013792 0.066519
0 0.626549 0.452509 0.009172 0.049444
0 0.302201 0.465106 0.011464 0.054287
0 0.290958 0.526421 0.016208 0.062176
0 0.181336 0.453245 0.013276 0.055713
0 0.700992 0.434838 0.009495 0.038676
0 0.334661 0.615255 0.013729 0.074935
0 0.731440 0.471551 0.010880 0.049306
0 0.086701 0.500190 0.014984 0.074639
0 0.462352 0.434069 0.008901 0.043787
0 0.168737 0.561083 0.024141 0.084556
0 0.609854 0.404255 0.008948 0.039491
0 0.428078 0.397759 0.008323 0.036389
0 0.342182 0.976731 0.025687 0.043278
