0 0.815729 0.624981 0.023719 0.092574
0 0.542737 0.543759 0.014891 0.063167
0 0.498448 0.497856 0.015021 0.054009
0 0.734167 0.541366 0.018052 0.072231
0 0.789010 0.435884 0.009521 0.040250
0 0.812586 0.456264 0.011547 0.051102
0 0.533065 0.441509 0.010339 0.038370
0 0.348664 0.479954 0.010130 0.053148
0 0.584388 0.412903 0.007818 0.037750
0 0.197479 0.504903 0.011292 0.056213
0 0.481591 0.454995 0.009495 0.039769
0 0.797490 0.493380 0.013156 0.056759
0 0.460339 0.499477 0.015781 0.054306
0 0.355833 0.502856 0.011594 0.057120
0 0.363935 0.434005 0.009047 0.038398
0 0.892555 0.711407 0.025193 0.117870
0 0.763576 0.727125 0.026714 0.118972
0 0.617406 0.425745 0.006500 0.033824
0 0.707094 0.480685 0.015969 0.053926
0 0.725055 0.457773 0.010005 0.046880
0 0.761891 0.434736 0.008427 0.040213
0 0.233008 0.462296 0.010172 0.040833
0 0.456721 0.471764 0.013234 0.046176
0 0.428750 0.405602 0.007271 0.028019
1 0.242909 0.479731 0.005203 0.009741
0 0.754818 0.460384 0.012417 0.076343
1 0.244128 0.479639 0.005776 0.011278
1 0.771690 0.909389 0.006422 0.009833
1 0.736036 0.951519 0.006219 0.011759
1 0.734971 0.905319 0.005599 0.010157
