0 0.069794 0.461528 0.016297 0.028963
0 0.033695 0.634866 0.032495 0.106528
0 0.578604 0.596088 0.016896 0.093639
0 0.712302 0.412926 0.012417 0.043296
0 0.718393 0.406468 0.006724 0.036546
1 0.722211 0.428231 0.004203 0.010815
0 0.362307 0.525671 0.013344 0.077861
0 0.085219 0.422542 0.010990 0.039287
0 0.076305 0.423282 0.014464 0.043657
0 0.259956 0.427648 0.009495 0.043759
0 0.250466 0.429801 0.009214 0.044769
0 0.744583 0.416097 0.012365 0.050417
0 0.499406 0.436009 0.009448 0.050630
0 0.887083 0.399829 0.010250 0.040120
0 0.070151 0.500995 0.015292 0.061935
0 0.508185 0.435856 0.010016 0.047769
0 0.053560 0.494579 0.013411 0.065065
0 0.376094 0.418921 0.008469 0.040065
0 0.138148 0.481685 0.013755 0.060556
0 0.287568 0.422509 0.010396 0.044167
0 0.351326 0.449481 0.011245 0.051148
0 0.019745 0.497356 0.015948 0.062935
