0 0.837633 0.394602 0.018641 0.086833
0 0.416984 0.631449 0.026083 0.145917
0 0.342453 0.539014 0.017500 0.085046
0 0.356190 0.654833 0.026703 0.144185
0 0.367625 0.553690 0.015719 0.120157
0 0.539813 0.698602 0.026187 0.146093
0 0.498362 0.671384 0.026224 0.142769
0 0.394680 0.619241 0.022901 0.132204
0 0.338323 0.629727 0.021198 0.140213
0 0.459406 0.675532 0.027021 0.145509
0 0.451076 0.611810 0.021599 0.085676
0 0.490451 0.581356 0.022370 0.067343
0 0.910312 0.397532 0.013062 0.080861
1 0.808904 0.432644 0.007932 0.012639
0 0.807635 0.569181 0.026219 0.127509
0 0.514703 0.862069 0.033115 0.182157
0 0.773492 0.631856 0.026214 0.145991
0 0.611576 0.685440 0.027276 0.140787
0 0.469263 0.582986 0.018161 0.076824
0 0.451482 0.599569 0.022557 0.060676
0 0.211016 0.556565 0.022719 0.128907
0 0.525878 0.682523 0.021609 0.129583
0 0.312755 0.539843 0.019552 0.126500
