0 0.594128 0.494352 0.019130 0.039463
0 0.899234 0.393949 0.011302 0.048046
0 0.559591 0.590347 0.024453 0.089435
0 0.686396 0.568361 0.021198 0.093778
0 0.624417 0.470653 0.009188 0.057398
0 0.631797 0.486366 0.010260 0.066046
0 0.470823 0.515491 0.010750 0.068556
0 0.609625 0.468042 0.013365 0.063176
0 0.892448 0.613644 0.017010 0.094935
0 0.473815 0.469301 0.015974 0.043435
0 0.562698 0.488134 0.018135 0.072935
0 0.497740 0.514403 0.019188 0.084472
0 0.544383 0.489866 0.013693 0.061806
0 0.437672 0.512148 0.011854 0.076167
0 0.645203 0.481310 0.012719 0.060046
0 0.789052 0.527940 0.018542 0.102694
0 0.545326 0.536644 0.020297 0.080120
0 0.875549 0.482204 0.013693 0.059667
0 0.525766 0.502810 0.014865 0.070231
0 0.527935 0.459750 0.014276 0.045481
0 0.615016 0.507032 0.025042 0.016861
