0 0.455065 0.369477 0.024370 0.080343
1 0.035005 0.993194 0.005635 0.010333
0 0.101971 0.313380 0.014703 0.051204
1 0.146544 0.358088 0.007807 0.014102
0 0.438070 0.725644 0.046172 0.185750
0 0.209786 0.231810 0.012208 0.044824
0 0.659229 0.595977 0.045938 0.156861
0 0.102703 0.367273 0.024458 0.088750
0 0.563062 0.306940 0.021104 0.072231
0 0.128995 0.294042 0.015010 0.067713
0 0.646195 0.287917 0.011224 0.065278
0 0.534755 0.266074 0.011156 0.058963
0 0.675081 0.337597 0.015943 0.080083
0 0.517924 0.359843 0.014099 0.082833
0 0.842013 0.287074 0.012859 0.072389
0 0.302216 0.260972 0.011443 0.058259
0 0.548018 0.474894 0.020464 0.119380
0 0.883690 0.318019 0.015474 0.083500
0 0.403875 0.288278 0.017125 0.061352
0 0.485685 0.255079 0.011068 0.053731
0 0.816578 0.269778 0.010292 0.060444
0 0.645242 0.464792 0.024047 0.122954
0 0.464927 0.282569 0.015156 0.065120
