0 0.822807 0.660921 0.023260 0.107546
1 0.823526 0.951426 0.009760 0.016352
0 0.379690 0.585134 0.029089 0.092454
0 0.578065 0.348139 0.009078 0.044333
0 0.573122 0.371662 0.014724 0.052713
0 0.404539 0.316949 0.010318 0.040750
0 0.411839 0.621065 0.018802 0.076611
0 0.419760 0.318819 0.010063 0.045009
0 0.627875 0.388579 0.011958 0.061028
0 0.505068 0.440051 0.015365 0.064972
0 0.642026 0.424352 0.014896 0.065000
0 0.602187 0.542884 0.021052 0.070769
0 0.602146 0.479861 0.014208 0.069259
0 0.235461 0.415417 0.013464 0.066648
0 0.065388 0.409648 0.018318 0.067704
0 0.305766 0.571023 0.018740 0.088787
0 0.430503 0.576773 0.024589 0.088194
0 0.453677 0.411384 0.014073 0.062991
0 0.722602 0.478671 0.023286 0.085935
0 0.092685 0.579477 0.017370 0.100083
0 0.770490 0.695185 0.020115 0.117963
