0 0.177677 0.644648 0.043365 0.107093
0 0.275526 0.431657 0.017104 0.062833
0 0.989068 0.600907 0.021521 0.112278
0 0.472466 0.513231 0.024964 0.077500
0 0.899549 0.475208 0.028339 0.078454
0 0.194779 0.502898 0.018172 0.093389
0 0.668148 0.539398 0.018828 0.098704
0 0.588440 0.578583 0.029370 0.098463
0 0.129789 0.573750 0.029255 0.110796
0 0.476893 0.616037 0.027057 0.104333
0 0.744263 0.604620 0.023609 0.114759
0 0.224898 0.629736 0.026339 0.121713
1 0.877799 0.973755 0.006339 0.010935
0 0.332224 0.353301 0.011021 0.039972
0 0.500805 0.497380 0.018391 0.077241
1 0.246122 0.539690 0.010391 0.017787
0 0.774776 0.433093 0.013646 0.067333
0 0.513729 0.459741 0.015708 0.073648
0 0.780487 0.481963 0.016516 0.081278
0 0.354589 0.395995 0.014312 0.054287
0 0.691841 0.634333 0.042036 0.114741
0 0.955339 0.562292 0.032406 0.095120
0 0.662078 0.431694 0.013896 0.072111
