0 0.624560 0.467620 0.020536 0.087074
0 0.725857 0.405912 0.013911 0.073380
0 0.735745 0.408537 0.016854 0.075074
1 0.163839 0.669458 0.010042 0.017213
0 0.913372 0.379931 0.026151 0.056880
0 0.515029 0.527583 0.023745 0.094815
0 0.910719 0.418907 0.029365 0.079111
0 0.811586 0.389380 0.021005 0.064426
0 0.878667 0.542944 0.021396 0.101833
0 0.280833 0.584292 0.033427 0.095343
0 0.705682 0.411579 0.014219 0.070398
0 0.719089 0.509324 0.025271 0.092759
0 0.660323 0.415588 0.017021 0.082602
0 0.556841 0.366838 0.020484 0.069880
0 0.370971 0.650458 0.026557 0.122861
0 0.191396 0.645676 0.033573 0.105278
0 0.827526 0.575204 0.029187 0.106241
0 0.492914 0.599458 0.020745 0.101509
0 0.585643 0.461741 0.020630 0.083463
0 0.583701 0.754574 0.034786 0.147352
