0 0.119458 0.616690 0.030687 0.240120
0 0.573526 0.469792 0.035854 0.197954
0 0.691102 0.418764 0.033005 0.189602
0 0.094221 0.497806 0.034953 0.198074
0 0.352383 0.530718 0.038547 0.285528
0 0.393044 0.485792 0.039661 0.207880
0 0.052896 0.438912 0.033052 0.126361
0 0.144320 0.615940 0.047130 0.236472
0 0.387466 0.370375 0.028578 0.101528
0 0.315690 0.471343 0.044599 0.198907
0 0.502341 0.860185 0.083193 0.276148
0 0.727750 0.382134 0.031865 0.187565
0 0.113734 0.457486 0.035823 0.164769
0 0.570466 0.375380 0.026411 0.050852
