0 0.517555 0.484157 0.019964 0.082426
0 0.953586 0.606181 0.024276 0.108861
0 0.846464 0.661417 0.029740 0.117389
0 0.865263 0.377861 0.017432 0.067037
0 0.507982 0.736639 0.025766 0.144593
0 0.291513 0.340505 0.014203 0.065176
0 0.296091 0.330620 0.010411 0.061519
0 0.028411 0.306676 0.013792 0.051056
0 0.491714 0.272606 0.009417 0.041250
0 0.369099 0.489963 0.018896 0.058148
0 0.804930 0.295144 0.013557 0.052991
0 0.336734 0.390347 0.017177 0.071157
0 0.525526 0.273639 0.008521 0.044037
0 0.400260 0.483477 0.017573 0.081287
0 0.580893 0.416546 0.015432 0.075148
0 0.488089 0.360361 0.012865 0.057204
0 0.440854 0.429787 0.024875 0.058556
0 0.850344 0.315403 0.012604 0.051713
0 0.255659 0.475250 0.018766 0.084074
0 0.311185 0.481597 0.024130 0.070324
0 0.914062 0.391755 0.014948 0.068657
0 0.541388 0.396694 0.013568 0.068944
