0 0.762773 0.501162 0.029443 0.141806
0 0.760578 0.475907 0.024917 0.093148
0 0.590453 0.414528 0.018260 0.105333
0 0.032375 0.953157 0.035260 0.093685
0 0.449372 0.332134 0.015724 0.067583
0 0.901609 0.318481 0.016365 0.075519
0 0.315266 0.342343 0.017073 0.074833
0 0.627044 0.680032 0.024349 0.131435
0 0.476219 0.671852 0.030073 0.130833
0 0.512839 0.752852 0.028490 0.155981
0 0.087078 0.852889 0.036219 0.163370
0 0.233732 0.524736 0.020797 0.090676
0 0.188831 0.685176 0.025464 0.141111
0 0.265568 0.531727 0.027000 0.098880
0 0.255214 0.416292 0.018177 0.087454
0 0.607930 0.416583 0.016214 0.112074
