0 0.361013 0.527227 0.011734 0.061472
1 0.320885 0.454722 0.005510 0.010315
1 0.320979 0.456250 0.005958 0.010833
0 0.514055 0.398713 0.011047 0.042259
0 0.745180 0.399986 0.009786 0.040380
0 0.648609 0.415014 0.009615 0.041454
0 0.679318 0.457000 0.009604 0.052889
0 0.279354 0.440699 0.014073 0.049491
0 0.586195 0.481870 0.009266 0.057796
0 0.889883 0.420815 0.015880 0.040796
0 0.044437 0.548917 0.017156 0.091630
0 0.349818 0.454986 0.015135 0.048491
0 0.835810 0.488056 0.015849 0.063537
0 0.476388 0.444296 0.010672 0.054333
0 0.730698 0.465991 0.011229 0.054074
0 0.653232 0.512477 0.015849 0.063620
0 0.863167 0.933972 0.034875 0.132056
0 0.434812 0.519199 0.013229 0.069528
0 0.486956 0.646685 0.017276 0.099444
