0 0.872195 0.449722 0.017693 0.085630
0 0.370182 0.539181 0.019969 0.096139
0 0.470708 0.472278 0.016302 0.085037
0 0.403307 0.507139 0.019896 0.092870
0 0.727573 0.529259 0.017135 0.104537
0 0.623464 0.500569 0.016677 0.102361
0 0.016294 0.542685 0.018432 0.099852
0 0.766174 0.554690 0.020453 0.112787
0 0.589716 0.494481 0.017234 0.095278
0 0.552510 0.483148 0.013771 0.085926
0 0.544622 0.502903 0.012526 0.092102
1 0.132440 0.510708 0.007276 0.012120
0 0.500448 0.449880 0.022385 0.032611
0 0.614839 0.488005 0.012083 0.096472
0 0.664508 0.503593 0.015422 0.106722
0 0.500026 0.501032 0.019677 0.081620
0 0.679872 0.524352 0.017984 0.111870
0 0.381828 0.465745 0.015906 0.081065
0 0.357547 0.512815 0.017427 0.096426
0 0.654089 0.513745 0.013437 0.094546
0 0.116987 0.471551 0.017214 0.080972
