0 0.310583 0.905139 0.032708 0.184593
0 0.795966 0.795380 0.036141 0.177593
0 0.058594 0.787375 0.029240 0.179194
0 0.370997 0.366801 0.013526 0.088769
0 0.811547 0.679949 0.025562 0.151935
0 0.464781 0.559255 0.024573 0.120417
0 0.185073 0.399653 0.019354 0.096954
0 0.902141 0.649389 0.029719 0.136833
0 0.171365 0.356375 0.016396 0.085694
0 0.260458 0.446389 0.020229 0.105074
0 0.337107 0.437394 0.019932 0.102028
0 0.981672 0.460199 0.027740 0.117657
0 0.684341 0.356722 0.019693 0.090222
0 0.512581 0.504671 0.029828 0.118806
0 0.493065 0.416120 0.017172 0.107648
0 0.215406 0.367505 0.017281 0.095713
0 0.837948 0.380944 0.016719 0.092000
1 0.834471 0.361866 0.006641 0.012472
