0 0.400841 0.460616 0.023443 0.084898
0 0.166193 0.618778 0.039365 0.130778
1 0.373492 0.487958 0.008974 0.013287
0 0.488344 0.409625 0.026781 0.078028
0 0.507776 0.361949 0.017510 0.077769
0 0.795609 0.353569 0.017708 0.078676
0 0.517518 0.366875 0.014307 0.081787
0 0.167026 0.476278 0.029115 0.116185
0 0.900536 0.371796 0.014979 0.080759
0 0.481977 0.478968 0.019203 0.081861
0 0.647891 0.431394 0.015813 0.093843
0 0.779734 0.438704 0.016302 0.091463
0 0.985122 0.426815 0.022120 0.090407
0 0.431596 0.420986 0.018568 0.086083
0 0.714221 0.418667 0.023526 0.086519
0 0.292883 0.413792 0.022474 0.104565
0 0.674839 0.475796 0.026958 0.098019
