1 0.293734 0.498375 0.004583 0.007731
0 0.477172 0.577769 0.014427 0.063630
0 0.519727 0.534167 0.013161 0.057481
0 0.094935 0.590977 0.018130 0.073176
0 0.270846 0.759958 0.020995 0.103787
0 0.377260 0.490935 0.010458 0.055074
0 0.287138 0.592398 0.018411 0.075667
0 0.821266 0.455005 0.008479 0.046120
0 0.511195 0.483977 0.010880 0.049380
0 0.350677 0.419644 0.010438 0.037880
0 0.584956 0.440324 0.010578 0.044889
0 0.127289 0.449380 0.010609 0.048130
0 0.777849 0.453440 0.008719 0.041028
0 0.610326 0.504384 0.010943 0.052250
0 0.467729 0.425130 0.009802 0.034056
0 0.889393 0.963912 0.034370 0.072176
0 0.788049 0.501162 0.012214 0.058139
0 0.285440 0.486949 0.018422 0.052583
0 0.618258 0.495662 0.008797 0.045861
0 0.681786 0.397088 0.006427 0.030639
0 0.781312 0.484491 0.010458 0.041352
0 0.810901 0.732968 0.020740 0.095750
0 0.778164 0.533574 0.013776 0.068222
