0 0.169958 0.458287 0.019531 0.034333
0 0.461484 0.477681 0.029969 0.023509
0 0.910315 0.659208 0.028224 0.139491
0 0.641305 0.392102 0.020495 0.094519
0 0.450138 0.424704 0.012016 0.082815
0 0.679289 0.377236 0.016880 0.081324
0 0.230250 0.417972 0.017479 0.096093
0 0.901156 0.529505 0.023563 0.119898
0 0.458669 0.622296 0.024214 0.121944
0 0.707656 0.409569 0.018531 0.098343
0 0.363544 0.506764 0.022661 0.126731
0 0.461250 0.330310 0.013229 0.073491
0 0.185810 0.442245 0.023703 0.107380
0 0.541406 0.491199 0.022083 0.110213
0 0.022477 0.516347 0.027891 0.129676
