0 0.465508 0.483176 0.015734 0.077537
0 0.557529 0.598384 0.039589 0.102287
0 0.748953 0.467111 0.016031 0.073685
0 0.817727 0.497528 0.021203 0.084222
0 0.539495 0.535690 0.022490 0.097231
0 0.619612 0.481384 0.014620 0.070398
0 0.063484 0.383852 0.015552 0.044000
0 0.719133 0.482023 0.016255 0.077769
0 0.837776 0.621005 0.034344 0.096231
0 0.533089 0.446199 0.014406 0.065769
0 0.616211 0.414463 0.012651 0.053185
0 0.327469 0.440718 0.014510 0.064713
0 0.685125 0.455653 0.015125 0.066306
0 0.486974 0.531991 0.020396 0.085352
0 0.488703 0.594106 0.040344 0.102398
0 0.325253 0.401389 0.013380 0.046685
0 0.687227 0.420208 0.012818 0.025954
1 0.742880 0.687495 0.010396 0.015491
0 0.135672 0.510144 0.022240 0.096287
0 0.773172 0.634338 0.024385 0.119824
0 0.028578 0.446644 0.017281 0.075435
0 0.579661 0.463306 0.014740 0.067000
