0 0.633070 0.436083 0.020318 0.100111
0 0.767698 0.464472 0.017021 0.094000
0 0.385276 0.554815 0.030104 0.049463
0 0.329034 0.584903 0.030620 0.144361
0 0.840867 0.484324 0.023026 0.119778
0 0.696081 0.431889 0.021766 0.097333
0 0.519102 0.395528 0.020151 0.085241
0 0.484349 0.525819 0.024750 0.119769
0 0.757646 0.557995 0.038802 0.132472
0 0.325104 0.500648 0.021844 0.087815
0 0.393333 0.650856 0.037698 0.137009
1 0.409331 0.701620 0.013005 0.023185
0 0.384607 0.608213 0.025672 0.103944
0 0.744065 0.430431 0.020255 0.094472
0 0.458372 0.560019 0.026453 0.140278
0 0.126734 0.566236 0.033000 0.140546
0 0.283911 0.550588 0.028510 0.134046
0 0.454844 0.466597 0.024562 0.083787
0 0.664435 0.613708 0.034630 0.149046
