0 0.973099 0.617194 0.025469 0.121130
0 0.407500 0.560648 0.025729 0.096481
0 0.457430 0.469120 0.012974 0.055574
0 0.268727 0.632005 0.032432 0.112880
0 0.267529 0.492046 0.012078 0.065463
0 0.594682 0.467477 0.013260 0.053620
0 0.360352 0.478102 0.012547 0.056407
0 0.086477 0.617639 0.023807 0.084963
0 0.240732 0.641745 0.022651 0.122176
0 0.098187 0.553255 0.018802 0.063898
0 0.521654 0.432157 0.013484 0.043056
1 0.171258 0.623097 0.007693 0.013898
0 0.592430 0.566301 0.019349 0.096528
0 0.905510 0.603426 0.025750 0.125444
0 0.821096 0.532417 0.020057 0.080981
0 0.425362 0.513727 0.016839 0.076009
0 0.124414 0.552880 0.026432 0.076481
0 0.448448 0.518648 0.013021 0.073981
0 0.479852 0.486037 0.012589 0.060463
0 0.258023 0.497019 0.013661 0.069778
0 0.338526 0.478583 0.012823 0.057537
0 0.095430 0.472190 0.014380 0.057398
0 0.161289 0.621051 0.024599 0.111120
