0 0.385526 0.664278 0.025948 0.146463
0 0.287266 0.583213 0.025958 0.119278
0 0.282344 0.508074 0.020010 0.063315
1 0.866940 0.638014 0.011245 0.018972
0 0.604760 0.514463 0.019000 0.085407
0 0.297219 0.457991 0.013271 0.061889
0 0.007286 0.461139 0.014562 0.066296
0 0.838294 0.468704 0.019870 0.058352
0 0.848383 0.592699 0.034839 0.105787
0 0.505771 0.593838 0.030344 0.105139
0 0.480188 0.700074 0.028500 0.162722
0 0.626096 0.512921 0.020255 0.093880
0 0.422794 0.508981 0.017953 0.087667
0 0.797117 0.600153 0.034130 0.097194
0 0.592690 0.599852 0.034880 0.123093
0 0.382690 0.471718 0.013401 0.073657
0 0.139294 0.572963 0.032599 0.121704
0 0.727820 0.548889 0.026901 0.094593
