0 0.514867 0.517037 0.020766 0.107241
0 0.948826 0.441111 0.017432 0.081296
0 0.437289 0.517426 0.020651 0.104000
0 0.806839 0.518806 0.019917 0.109537
0 0.679466 0.606051 0.028786 0.135898
0 0.679958 0.508231 0.021531 0.101463
0 0.748409 0.511019 0.021411 0.107130
0 0.090161 0.478440 0.021823 0.090306
0 0.626216 0.565264 0.026130 0.135009
0 0.095242 0.574185 0.033026 0.140722
0 0.956625 0.613560 0.030750 0.134361
0 0.527573 0.432042 0.016427 0.083046
0 0.369320 0.425718 0.015484 0.079898
0 0.203130 0.704787 0.031208 0.182537
0 0.786573 0.400722 0.013437 0.067907
1 0.800898 0.685481 0.015703 0.022907
0 0.781589 0.353898 0.011854 0.051296
1 0.210904 0.679241 0.010766 0.019000
0 0.303810 0.343454 0.012901 0.044796
