0 0.732760 0.342398 0.021010 0.107130
0 0.603760 0.404171 0.023708 0.135806
0 0.478372 0.477491 0.034526 0.165611
0 0.966164 0.431236 0.029964 0.149972
0 0.443307 0.724236 0.057250 0.256361
1 0.784531 0.442917 0.010073 0.014611
1 0.713253 0.349491 0.006651 0.010963
0 0.070451 0.431394 0.034307 0.105843
0 0.315333 0.328995 0.027135 0.094231
0 0.847346 0.314343 0.026891 0.100130
0 0.006602 0.573218 0.013203 0.196769
0 0.052370 0.421856 0.018750 0.128213
0 0.034940 0.428574 0.027130 0.129241
0 0.082646 0.483481 0.034823 0.159389
0 0.010464 0.443231 0.020927 0.113259
0 0.357143 0.367778 0.035380 0.111611
0 0.333271 0.478412 0.033990 0.159769
0 0.828560 0.420194 0.035839 0.142500
0 0.773901 0.397644 0.032740 0.125861
