0 0.172518 0.267380 0.013495 0.055611
0 0.821005 0.354116 0.018365 0.079398
0 0.914948 0.478662 0.031740 0.126880
0 0.347729 0.457583 0.025031 0.115870
0 0.501461 0.608389 0.046297 0.159463
0 0.423411 0.515972 0.035729 0.129093
0 0.804737 0.443542 0.025120 0.114083
0 0.061404 0.542093 0.031599 0.147611
0 0.974109 0.482120 0.026417 0.129333
0 0.758367 0.331921 0.018964 0.074398
0 0.758807 0.421347 0.024833 0.109843
0 0.287891 0.643509 0.044917 0.159000
0 0.056523 0.441931 0.027922 0.109583
0 0.575536 0.490759 0.028042 0.131037
0 0.198268 0.355579 0.022609 0.080954
0 0.388328 0.381801 0.021427 0.091843
0 0.635549 0.435838 0.018755 0.102139
0 0.699854 0.555444 0.024635 0.136556
0 0.226773 0.515009 0.038557 0.141481
0 0.911651 0.401157 0.016969 0.061907
