0 0.199430 0.395644 0.014911 0.075676
0 0.561586 0.386602 0.013641 0.076463
0 0.387083 0.561708 0.045135 0.108843
0 0.189638 0.533069 0.021818 0.137583
0 0.788276 0.445005 0.022813 0.100954
0 0.201424 0.572394 0.024276 0.143713
0 0.518862 0.513333 0.025859 0.113167
0 0.851104 0.533963 0.032604 0.110556
0 0.738865 0.412838 0.017885 0.086713
0 0.930253 0.515755 0.029214 0.131472
0 0.370888 0.420056 0.025339 0.073296
0 0.605214 0.547935 0.024583 0.115556
1 0.320534 0.490343 0.009307 0.014389
0 0.575018 0.557662 0.028318 0.137954
0 0.454625 0.422551 0.016729 0.087454
0 0.467344 0.522810 0.033365 0.122935
0 0.338674 0.474657 0.025672 0.107833
0 0.028693 0.622773 0.049031 0.169361
0 0.661742 0.417324 0.017078 0.081444
