0 0.293706 0.099361 0.027495 0.109111
1 0.567906 0.122241 0.006229 0.012407
0 0.369255 0.115977 0.022510 0.109713
1 0.556185 0.080051 0.008641 0.015361
0 0.714760 0.175157 0.025135 0.133093
0 0.724484 0.082028 0.023042 0.086556
0 0.575956 0.089625 0.022464 0.103343
0 0.285815 0.220088 0.032443 0.128083
0 0.807456 0.087144 0.023505 0.110306
0 0.990885 0.121375 0.018229 0.128269
0 0.008471 0.210898 0.016943 0.166481
0 0.636365 0.130069 0.024906 0.123324
0 0.606651 0.175301 0.029542 0.146602
0 0.748161 0.181449 0.027521 0.144417
0 0.480784 0.131245 0.027255 0.125991
0 0.300802 0.331324 0.040698 0.199074
0 0.245432 0.149713 0.025740 0.098685
0 0.167250 0.154250 0.025177 0.105167
