0 0.674263 0.352806 0.022109 0.094222
0 0.638789 0.326370 0.024682 0.087593
0 0.504276 0.410907 0.026104 0.122556
0 0.423016 0.418685 0.025125 0.105648
0 0.684677 0.411051 0.030625 0.116083
0 0.603846 0.431250 0.031974 0.137870
0 0.308747 0.414444 0.022568 0.118648
0 0.259148 0.554755 0.034651 0.173139
0 0.851411 0.414394 0.028656 0.134324
0 0.238888 0.437213 0.028776 0.120815
0 0.187401 0.437509 0.025260 0.125796
0 0.555896 0.366676 0.028302 0.090037
0 0.742344 0.337852 0.022677 0.095722
0 0.580937 0.347824 0.024740 0.084815
0 0.102391 0.475514 0.025063 0.141991
