0 0.897581 0.557019 0.028068 0.126167
0 0.819271 0.498704 0.022708 0.111741
0 0.749383 0.585593 0.030047 0.146204
0 0.966117 0.620125 0.049286 0.145343
0 0.190716 0.497704 0.023016 0.115259
0 0.544284 0.517755 0.027203 0.114120
0 0.392232 0.643620 0.034057 0.166019
0 0.508828 0.557019 0.035083 0.135111
0 0.076508 0.528838 0.024359 0.131880
0 0.690557 0.510625 0.023271 0.117954
0 0.654773 0.461060 0.017078 0.090472
0 0.441169 0.740111 0.040266 0.190296
0 0.547914 0.767713 0.068964 0.192759
0 0.736862 0.487551 0.020120 0.083417
0 0.610370 0.764514 0.065615 0.180250
0 0.643005 0.757019 0.038083 0.189167
0 0.555641 0.657894 0.035927 0.132454
1 0.553690 0.826255 0.016016 0.023287
0 0.736555 0.550292 0.012484 0.072528
