0 0.116604 0.954352 0.050469 0.091296
1 0.466195 0.490722 0.007943 0.013741
0 0.851898 0.418505 0.024693 0.093435
0 0.568919 0.399833 0.024068 0.090481
0 0.501802 0.527000 0.033865 0.122074
0 0.746888 0.405454 0.018703 0.087111
0 0.042937 0.419546 0.026094 0.101667
0 0.725961 0.393222 0.027099 0.085167
0 0.244174 0.350606 0.016141 0.070880
0 0.503750 0.414616 0.020677 0.080028
0 0.350484 0.353681 0.015844 0.075435
0 0.213818 0.447222 0.019802 0.096759
0 0.516435 0.381667 0.017151 0.076000
0 0.293299 0.434722 0.022172 0.098778
0 0.463495 0.415583 0.018375 0.074407
0 0.742935 0.502949 0.044474 0.096139
