0 0.487542 0.591769 0.016167 0.048907
0 0.490823 0.552454 0.011958 0.029907
0 0.693779 0.558241 0.011943 0.044630
0 0.456839 0.550042 0.010198 0.026843
0 0.384508 0.697065 0.017505 0.090796
0 0.767656 0.661593 0.016948 0.077000
0 0.458458 0.648296 0.015094 0.069889
0 0.513656 0.772745 0.023677 0.108454
0 0.586172 0.598708 0.011698 0.052583
0 0.507878 0.609361 0.011443 0.056037
0 0.349253 0.584199 0.010318 0.049324
0 0.138706 0.634338 0.013036 0.070787
0 0.201755 0.594241 0.013167 0.055315
0 0.227794 0.574083 0.013849 0.049074
0 0.843174 0.607514 0.014797 0.060417
0 0.791898 0.580157 0.009745 0.050741
0 0.419479 0.567250 0.013354 0.047389
0 0.621357 0.597861 0.011432 0.045500
0 0.456984 0.580125 0.013094 0.046602
0 0.282161 0.548588 0.015063 0.049028
0 0.619424 0.567231 0.010359 0.028185
