0 0.418141 0.493551 0.029729 0.173509
0 0.844727 0.495255 0.033807 0.155380
0 0.172500 0.392514 0.038500 0.139324
0 0.325393 0.415486 0.043818 0.141750
0 0.530906 0.414227 0.027469 0.137935
0 0.011630 0.243009 0.023104 0.089630
1 0.832378 0.562167 0.012297 0.019315
0 0.048089 0.615972 0.070500 0.197519
0 0.246016 0.427019 0.031604 0.142815
0 0.121625 0.305806 0.027302 0.106130
0 0.949232 0.719713 0.055818 0.247685
0 0.818305 0.396764 0.026766 0.128306
0 0.464781 0.371315 0.029062 0.121907
0 0.596260 0.316250 0.020979 0.100352
0 0.365443 0.355315 0.020104 0.121519
