0 0.421461 0.733824 0.039901 0.135889
0 0.528154 0.631847 0.021349 0.123380
0 0.815294 0.488213 0.022453 0.074778
0 0.113880 0.913657 0.043615 0.168167
0 0.183943 0.909722 0.058000 0.179000
0 0.349237 0.506065 0.015557 0.072111
0 0.311995 0.511958 0.018312 0.085287
0 0.390497 0.508653 0.029339 0.086806
0 0.453229 0.522764 0.028365 0.081861
0 0.372323 0.491898 0.018271 0.067667
0 0.319703 0.502097 0.011240 0.076880
0 0.412852 0.511782 0.016661 0.079602
0 0.356154 0.484792 0.011109 0.063065
1 0.342182 0.766981 0.014146 0.021796
0 0.426701 0.513042 0.012786 0.073880
0 0.434068 0.512301 0.017125 0.079602
0 0.397560 0.506741 0.014505 0.082685
0 0.410583 0.508130 0.015760 0.083296
0 0.317643 0.510097 0.013182 0.088194
0 0.446021 0.513931 0.015365 0.080565
