0 0.634255 0.491199 0.020448 0.086065
0 0.267406 0.491606 0.019885 0.107602
0 0.066659 0.563509 0.035578 0.131833
0 0.534667 0.520667 0.028510 0.112148
0 0.931326 0.478616 0.031422 0.093750
0 0.814076 0.464546 0.022391 0.089278
0 0.854693 0.538681 0.035521 0.121435
0 0.876120 0.454065 0.025010 0.085963
0 0.530891 0.421389 0.027917 0.063074
0 0.116482 0.581352 0.043411 0.143019
0 0.109865 0.472926 0.026281 0.102333
0 0.463318 0.452944 0.016448 0.091111
0 0.433862 0.456949 0.018380 0.107454
0 0.447049 0.466755 0.014932 0.087583
0 0.661081 0.448630 0.024724 0.101056
0 0.667516 0.416065 0.016656 0.062000
0 0.631693 0.420690 0.018458 0.030509
0 0.627354 0.452685 0.024875 0.052778
0 0.255440 0.407014 0.015672 0.065417
0 0.241839 0.347653 0.013615 0.052454
0 0.254766 0.380056 0.016198 0.035444
