1 0.311633 0.462750 0.010609 0.015148
0 0.698409 0.395458 0.013641 0.041565
0 0.606310 0.591074 0.027724 0.119926
0 0.495724 0.638407 0.023854 0.129926
0 0.496422 0.529806 0.019510 0.101130
0 0.442596 0.501315 0.019307 0.092204
0 0.109065 0.524755 0.024099 0.087954
0 0.560831 0.630431 0.036641 0.140694
0 0.255388 0.523005 0.021932 0.088028
0 0.146789 0.593514 0.027661 0.111102
0 0.295328 0.566856 0.023927 0.100250
0 0.213057 0.438861 0.016312 0.062889
0 0.525857 0.613843 0.025526 0.136667
0 0.257224 0.612708 0.021750 0.126009
0 0.684117 0.562870 0.024984 0.112630
0 0.288539 0.501014 0.023318 0.084194
0 0.557456 0.551218 0.026453 0.091639
0 0.242180 0.554995 0.023901 0.071157
0 0.667510 0.564134 0.017615 0.107417
0 0.676141 0.497935 0.014917 0.039537
