0 0.079586 0.279926 0.027734 0.113222
0 0.402898 0.299273 0.027151 0.127361
0 0.793893 0.363042 0.034922 0.140194
0 0.155914 0.336287 0.027339 0.118685
0 0.874656 0.403565 0.033521 0.153204
0 0.730216 0.341699 0.028266 0.130361
0 0.359831 0.320667 0.033495 0.114241
0 0.548964 0.309259 0.025677 0.124222
0 0.626552 0.278431 0.025500 0.050935
0 0.594062 0.320412 0.018417 0.125657
0 0.144076 0.284574 0.027068 0.105556
0 0.605445 0.328005 0.020255 0.137787
0 0.639073 0.344398 0.043698 0.121111
0 0.009031 0.277778 0.018062 0.086259
0 0.485003 0.310370 0.036693 0.121389
0 0.265602 0.296852 0.034536 0.093815
0 0.238693 0.276199 0.027937 0.099694
0 0.342427 0.291472 0.029375 0.090741
