0 0.559380 0.612852 0.025979 0.126759
0 0.953878 0.640343 0.023130 0.124259
0 0.223182 0.501727 0.019875 0.063454
1 0.899654 0.587727 0.010536 0.017546
0 0.400180 0.536991 0.020036 0.063593
0 0.388560 0.534639 0.015870 0.074426
0 0.191141 0.506241 0.017896 0.056630
0 0.398609 0.609741 0.025688 0.118685
0 0.124562 0.601944 0.017219 0.124537
0 0.320284 0.664255 0.037859 0.146639
0 0.006888 0.501287 0.013589 0.096111
0 0.021354 0.502801 0.018583 0.089213
0 0.203198 0.567644 0.023604 0.110713
0 0.184865 0.572315 0.018521 0.109148
0 0.544307 0.575144 0.020813 0.102954
0 0.141677 0.617403 0.026510 0.122750
0 0.605630 0.613588 0.025562 0.118639
0 0.889776 0.654894 0.027448 0.141343
