0 0.672529 0.458389 0.024245 0.110815
0 0.887049 0.566907 0.040120 0.174870
0 0.742760 0.430116 0.021906 0.114120
0 0.782547 0.459241 0.029844 0.125167
0 0.647227 0.439981 0.020620 0.109648
0 0.207258 0.610579 0.048859 0.161787
0 0.912247 0.385537 0.021141 0.090556
0 0.265135 0.585106 0.074042 0.148694
0 0.709904 0.422106 0.025641 0.101287
0 0.693609 0.418269 0.022302 0.102556
0 0.615229 0.393259 0.027146 0.090556
1 0.261594 0.470440 0.013458 0.029639
0 0.559768 0.444190 0.026328 0.112250
0 0.812503 0.394972 0.022911 0.098944
0 0.344578 0.527120 0.027927 0.135556
