0 0.462328 0.583921 0.041219 0.156250
0 0.675844 0.495616 0.030240 0.128991
0 0.544648 0.451745 0.020411 0.106306
0 0.434419 0.457130 0.029130 0.111296
0 0.009411 0.389097 0.017240 0.080657
0 0.637958 0.361120 0.016854 0.069630
0 0.006997 0.591875 0.013995 0.163194
0 0.093138 0.351787 0.021151 0.070519
0 0.389211 0.359403 0.019057 0.069028
1 0.614667 0.553347 0.011604 0.016602
0 0.080010 0.460583 0.015813 0.112722
0 0.635776 0.515157 0.026479 0.134778
0 0.052659 0.679361 0.052443 0.203611
0 0.199737 0.513764 0.031078 0.117565
0 0.405586 0.410296 0.019526 0.088389
0 0.092557 0.482356 0.024906 0.113417
0 0.757948 0.395903 0.019781 0.085935
