0 0.099435 0.489065 0.019464 0.086907
0 0.298404 0.487912 0.012766 0.070806
0 0.307682 0.507806 0.020427 0.099481
0 0.715336 0.495569 0.018422 0.089528
0 0.737672 0.490458 0.018958 0.069769
0 0.274516 0.491986 0.021323 0.068769
0 0.346542 0.491278 0.018708 0.064685
0 0.495284 0.487625 0.015766 0.084454
0 0.261672 0.463130 0.020135 0.082685
0 0.019591 0.458144 0.017818 0.091602
0 0.587112 0.480625 0.020807 0.083361
0 0.446789 0.467602 0.018901 0.084944
0 0.138089 0.494116 0.018271 0.097417
0 0.412016 0.480759 0.018510 0.091000
0 0.898091 0.641528 0.027411 0.138593
0 0.789690 0.556741 0.022474 0.103500
0 0.355492 0.560157 0.024828 0.116981
