0 0.435201 0.549111 0.032391 0.110741
0 0.234391 0.432199 0.015969 0.027769
0 0.172289 0.419875 0.018016 0.062694
0 0.709044 0.498685 0.021557 0.077926
0 0.232831 0.476111 0.016016 0.084593
0 0.258391 0.426731 0.014719 0.065167
0 0.021169 0.464801 0.017745 0.082065
0 0.256042 0.510102 0.018635 0.093315
0 0.481070 0.502736 0.015859 0.088787
0 0.300409 0.701699 0.034182 0.161213
0 0.337120 0.455843 0.013375 0.066611
0 0.700021 0.564995 0.020417 0.111287
0 0.504977 0.545014 0.020526 0.095343
0 0.333885 0.639421 0.026073 0.142380
0 0.835203 0.576778 0.023813 0.114778
