0 0.592732 0.389037 0.019984 0.090833
0 0.940201 0.552139 0.049984 0.170759
0 0.909701 0.423301 0.023286 0.108194
0 0.371852 0.428069 0.025359 0.113324
0 0.840940 0.669968 0.073714 0.205231
0 0.041573 0.488310 0.031375 0.144972
0 0.429372 0.410523 0.019016 0.103676
0 0.245430 0.761648 0.069682 0.247778
0 0.812560 0.371296 0.018661 0.088463
0 0.709169 0.693023 0.055318 0.183528
0 0.008440 0.401028 0.016880 0.108741
0 0.716651 0.334819 0.018906 0.076880
0 0.238297 0.436907 0.027062 0.119833
0 0.723771 0.564977 0.037479 0.140287
0 0.378068 0.576384 0.035750 0.146602
1 0.856659 0.755565 0.014401 0.025648
0 0.505945 0.408588 0.021943 0.110361
0 0.396227 0.459162 0.024380 0.097306
0 0.385958 0.482838 0.029802 0.085991
