0 0.502680 0.522194 0.016797 0.089019
0 0.142612 0.548667 0.032099 0.102500
0 0.300763 0.537977 0.019703 0.109435
0 0.824958 0.555815 0.026156 0.114981
0 0.244419 0.466347 0.019276 0.089287
0 0.375924 0.526912 0.025672 0.097194
0 0.990674 0.495611 0.018651 0.097000
0 0.690281 0.497815 0.021740 0.084556
0 0.926872 0.460296 0.020839 0.071185
0 0.388484 0.440681 0.014531 0.071898
0 0.708393 0.453819 0.018911 0.072028
0 0.328255 0.432880 0.013865 0.064315
0 0.887813 0.514019 0.018750 0.088889
0 0.780995 0.507444 0.021052 0.086148
0 0.487971 0.558912 0.027474 0.106417
0 0.952047 0.460032 0.023396 0.067731
0 0.902174 0.556463 0.029109 0.099167
0 0.763638 0.435481 0.018255 0.061148
0 0.605779 0.428639 0.013401 0.046389
0 0.786539 0.429181 0.016901 0.052324
0 0.602758 0.474773 0.022578 0.074324
0 0.892078 0.965731 0.046406 0.068537
0 0.307542 0.380903 0.014052 0.044880
1 0.745674 0.399185 0.008172 0.013833
0 0.979026 0.969060 0.041948 0.061880
