0 0.716083 0.617255 0.036625 0.130472
0 0.014727 0.520204 0.027776 0.092722
0 0.740966 0.526157 0.020932 0.097259
0 0.648047 0.567366 0.022323 0.103713
0 0.710432 0.533403 0.021542 0.089546
0 0.592758 0.503394 0.023036 0.086269
0 0.314654 0.507324 0.030516 0.095759
0 0.268529 0.529833 0.032370 0.096333
0 0.208464 0.491523 0.023771 0.085750
0 0.357641 0.558579 0.019792 0.104157
0 0.113698 0.683245 0.051156 0.158731
0 0.987180 0.604338 0.025057 0.126806
0 0.559685 0.485157 0.026651 0.079296
0 0.537823 0.475759 0.020198 0.082907
0 0.293107 0.515671 0.018016 0.088731
1 0.216737 0.526625 0.007005 0.012417
