0 0.452917 0.526106 0.017188 0.034972
0 0.455583 0.583977 0.022240 0.124731
0 0.166031 0.620981 0.024813 0.127463
0 0.366070 0.513907 0.022880 0.093593
0 0.008771 0.510648 0.017542 0.091704
0 0.317823 0.539315 0.016833 0.095000
0 0.405435 0.648769 0.027349 0.135963
0 0.052336 0.518556 0.019234 0.098000
0 0.426690 0.516301 0.015807 0.091417
0 0.100141 0.473958 0.015052 0.076046
0 0.385589 0.643009 0.022750 0.141185
0 0.189992 0.558241 0.016464 0.105019
0 0.069250 0.468144 0.016302 0.072954
0 0.186328 0.479560 0.020344 0.081528
0 0.871458 0.546954 0.021687 0.097981
1 0.474919 0.492130 0.007328 0.013889
