0 0.727870 0.489333 0.025312 0.157148
0 0.316589 0.427361 0.020771 0.122074
0 0.030651 0.541755 0.033813 0.181843
0 0.667695 0.419231 0.037536 0.123222
0 0.813846 0.626556 0.055661 0.206278
0 0.634216 0.398264 0.023870 0.113750
1 0.628750 0.473398 0.011125 0.016870
0 0.248508 0.402662 0.025703 0.125583
0 0.770615 0.479718 0.025104 0.145324
0 0.388911 0.449509 0.026250 0.156130
0 0.720471 0.417144 0.022318 0.113731
0 0.375284 0.476315 0.027693 0.142611
0 0.758466 0.562630 0.046859 0.190352
0 0.615719 0.416389 0.024417 0.122185
0 0.883284 0.357579 0.016870 0.084176
