0 0.723451 0.289444 0.023714 0.073889
0 0.716849 0.237407 0.019531 0.045000
0 0.589581 0.503583 0.039266 0.194704
0 0.322354 0.285579 0.026510 0.106528
0 0.960385 0.290500 0.036531 0.115741
0 0.627687 0.279593 0.020906 0.105630
0 0.411044 0.279495 0.024172 0.098565
0 0.710607 0.390912 0.043120 0.143991
0 0.084547 0.352042 0.045229 0.139380
0 0.870742 0.303319 0.043203 0.119306
0 0.453888 0.230292 0.021797 0.089583
0 0.927109 0.290569 0.033823 0.111731
0 0.912669 0.264495 0.021766 0.094028
0 0.744846 0.243213 0.027786 0.077722
1 0.778690 0.269926 0.008797 0.014407
0 0.065102 0.232213 0.018495 0.098593
