0 0.333065 0.490630 0.026943 0.123000
0 0.074773 0.517171 0.021714 0.120602
0 0.425034 0.457602 0.021089 0.098833
0 0.667201 0.535718 0.027932 0.125120
0 0.945862 0.412440 0.022661 0.096398
0 0.042560 0.403889 0.019568 0.098870
0 0.772529 0.463222 0.024776 0.102370
0 0.519698 0.370917 0.014083 0.075722
0 0.200276 0.362875 0.014729 0.077139
0 0.395904 0.362912 0.014443 0.072528
0 0.228266 0.351097 0.014260 0.063991
0 0.446227 0.405060 0.017318 0.087806
0 0.644966 0.382454 0.017026 0.084907
0 0.238151 0.472986 0.018833 0.118194
0 0.934055 0.395454 0.016714 0.084574
0 0.587797 0.549296 0.043323 0.133093
0 0.839578 0.378380 0.020094 0.075796
0 0.834273 0.346694 0.015432 0.069019
0 0.846643 0.347333 0.012307 0.069148
0 0.246896 0.295074 0.011500 0.048093
1 0.594177 0.602560 0.012021 0.022750
0 0.120958 0.508352 0.026031 0.115370
