0 0.782570 0.383477 0.017078 0.082065
0 0.380797 0.500171 0.041437 0.098157
0 0.651893 0.428796 0.024307 0.049630
0 0.647680 0.491171 0.022443 0.107324
1 0.345073 0.513634 0.009083 0.014898
0 0.588531 0.346949 0.016917 0.073380
0 0.052279 0.294162 0.016339 0.054991
0 0.305411 0.335681 0.016698 0.070176
0 0.046599 0.346611 0.016229 0.073315
0 0.358479 0.469769 0.033865 0.107333
0 0.247096 0.430620 0.020057 0.103833
0 0.434185 0.418403 0.018766 0.094324
0 0.881992 0.437634 0.029245 0.106028
0 0.343583 0.400468 0.021281 0.083435
0 0.468177 0.414884 0.019417 0.092250
0 0.067977 0.411398 0.020880 0.099500
0 0.177979 0.453125 0.021281 0.098269
