0 0.557120 0.473301 0.054094 0.170639
0 0.592987 0.451190 0.031984 0.191972
0 0.052302 0.749565 0.103906 0.490222
0 0.718260 0.471616 0.034250 0.123306
0 0.694344 0.462639 0.025719 0.128352
0 0.445195 0.375648 0.030453 0.108907
0 0.072810 0.389769 0.027214 0.121204
0 0.436154 0.470833 0.028526 0.146574
0 0.038734 0.625801 0.051687 0.246083
0 0.701099 0.612319 0.054146 0.215861
0 0.294734 0.425245 0.034229 0.142139
0 0.648727 0.460606 0.041245 0.153972
0 0.619385 0.441412 0.029104 0.114676
0 0.560568 0.378829 0.019312 0.070620
0 0.543286 0.397343 0.022406 0.118833
0 0.524794 0.377083 0.021630 0.106278