0 0.455417 0.471889 0.034385 0.096019
0 0.789180 0.684500 0.043807 0.150611
0 0.505841 0.598991 0.029849 0.135944
0 0.633096 0.400546 0.023964 0.095593
0 0.408549 0.440588 0.031057 0.096509
0 0.298323 0.401287 0.020198 0.090481
0 0.088453 0.384412 0.017125 0.080750
0 0.466451 0.535264 0.038922 0.056120
0 0.680146 0.878787 0.032979 0.210611
0 0.898839 0.776324 0.033990 0.078648
0 0.086125 0.488889 0.016073 0.112907
1 0.450117 0.445315 0.007870 0.014019
0 0.243799 0.724120 0.035193 0.172667
0 0.382414 0.446954 0.036589 0.097148
0 0.061974 0.442718 0.020094 0.100546
0 0.750461 0.641500 0.023703 0.150500
0 0.152070 0.584824 0.024828 0.138963
0 0.507281 0.473306 0.019833 0.109722
