0 0.724557 0.366310 0.026635 0.088250
0 0.565203 0.354801 0.018281 0.115898
0 0.737164 0.338616 0.024630 0.125139
0 0.600797 0.293944 0.022875 0.071648
0 0.580104 0.370042 0.018052 0.105602
1 0.107669 0.247282 0.007839 0.012509
0 0.591904 0.403269 0.028047 0.126537
0 0.809956 0.318278 0.018589 0.128370
0 0.272354 0.541472 0.037156 0.162093
0 0.166573 0.198009 0.025375 0.082704
0 0.331328 0.455083 0.029333 0.144907
0 0.791044 0.370722 0.020641 0.135500
0 0.649214 0.379588 0.027969 0.130750
0 0.061385 0.438981 0.030010 0.137667
0 0.684516 0.317306 0.020542 0.138296
0 0.541268 0.361134 0.024568 0.129565
0 0.761839 0.434106 0.041156 0.117454
0 0.733315 0.454634 0.042359 0.145898
0 0.607685 0.373917 0.031922 0.136852
