0 0.401286 0.544241 0.021115 0.086444
0 0.437539 0.687412 0.048526 0.146639
0 0.605701 0.606856 0.035714 0.134083
0 0.674495 0.626519 0.026583 0.141944
0 0.170531 0.618810 0.032990 0.129935
0 0.750307 0.561426 0.041490 0.133981
0 0.517982 0.548727 0.036130 0.109250
0 0.810750 0.562463 0.030479 0.123111
0 0.360151 0.479620 0.022281 0.096481
0 0.565365 0.551097 0.026990 0.125824
0 0.177797 0.618310 0.048031 0.131880
0 0.013206 0.702394 0.026349 0.121324
0 0.070836 0.557333 0.034161 0.123389
0 0.435958 0.581940 0.041375 0.121528
1 0.300091 0.533255 0.009859 0.013898
0 0.388984 0.507880 0.023802 0.045352
0 0.425143 0.506727 0.026307 0.065991