0 0.249312 0.592593 0.025958 0.116426
0 0.991935 0.512685 0.016130 0.105074
0 0.992284 0.647157 0.015432 0.123167
0 0.348266 0.574954 0.021031 0.108389
1 0.698393 0.653495 0.011984 0.021306
0 0.307776 0.426315 0.018365 0.082222
0 0.923326 0.968829 0.032974 0.062343
0 0.610445 0.607296 0.043703 0.099963
0 0.664961 0.535019 0.029641 0.032556
0 0.625552 0.512713 0.022875 0.111407
0 0.667378 0.598981 0.024672 0.117796
0 0.157385 0.756838 0.025646 0.151861
0 0.401698 0.522630 0.023073 0.099556
0 0.592698 0.474375 0.022844 0.097269
0 0.725799 0.476491 0.018693 0.097852
0 0.519573 0.621319 0.027250 0.128991
0 0.810201 0.460032 0.019130 0.093046
0 0.570359 0.588435 0.023146 0.112333
0 0.944172 0.484037 0.018031 0.097259