0 0.592346 0.829097 0.027578 0.132083
0 0.019310 0.718810 0.023068 0.107120
0 0.760237 0.727977 0.022536 0.111102
0 0.557359 0.935083 0.025167 0.129833
0 0.557737 0.584486 0.015380 0.072620
0 0.734141 0.543954 0.014229 0.032352
0 0.092714 0.725403 0.033125 0.085194
0 0.711086 0.535255 0.019755 0.083472
0 0.620940 0.634583 0.017547 0.095796
0 0.842948 0.636042 0.028563 0.102287
0 0.953044 0.578532 0.015339 0.077620
0 0.842617 0.560718 0.016599 0.070139
0 0.736724 0.585417 0.019708 0.070111
0 0.566648 0.646565 0.021953 0.088611
0 0.975344 0.590125 0.018917 0.086324
0 0.966109 0.674588 0.019979 0.101861
