0 0.459924 0.539218 0.016755 0.066676
0 0.372581 0.486884 0.012130 0.051787
0 0.354635 0.529273 0.013948 0.059546
0 0.179810 0.526639 0.020214 0.060556
0 0.403388 0.549819 0.015255 0.062731
0 0.252357 0.470606 0.011651 0.043565
0 0.361094 0.481606 0.010885 0.043306
0 0.173857 0.497852 0.013245 0.052556
0 0.663466 0.483903 0.014984 0.052361
0 0.107227 0.653819 0.016391 0.082287
0 0.534664 0.618366 0.016661 0.105620
0 0.044742 0.559620 0.017620 0.069074
0 0.072924 0.643204 0.021474 0.091648
0 0.247909 0.567829 0.017818 0.069917