0 0.300057 0.449218 0.012635 0.070046
0 0.305732 0.854574 0.032807 0.162019
0 0.270693 0.529468 0.025198 0.088287
0 0.694906 0.562977 0.026354 0.098176
0 0.721727 0.553236 0.023661 0.097713
0 0.179813 0.598167 0.024302 0.099611
0 0.367063 0.483963 0.013750 0.079907
0 0.510247 0.536403 0.025505 0.077583
0 0.335768 0.564477 0.019484 0.104491
0 0.400409 0.590644 0.019578 0.104176
0 0.462034 0.538032 0.018318 0.087009
0 0.841628 0.495741 0.016880 0.077167
0 0.096417 0.548148 0.019583 0.105037
0 0.576299 0.488801 0.020099 0.067972
0 0.112130 0.566023 0.023000 0.100454
0 0.469852 0.630204 0.033068 0.111296
0 0.007878 0.619778 0.015755 0.116463
0 0.978641 0.503384 0.023219 0.071713
0 0.997086 0.576806 0.005828 0.063185
1 0.736521 0.539787 0.007875 0.011741