1 0.903391 0.506856 0.006406 0.012898
1 0.403654 0.527343 0.008349 0.013648
0 0.438846 0.530653 0.018224 0.071750
0 0.422922 0.547250 0.029406 0.090407
0 0.360745 0.568856 0.022458 0.084694
0 0.873049 0.764745 0.031089 0.150398
0 0.219247 0.540435 0.016901 0.097296
0 0.753242 0.811282 0.035578 0.154713
0 0.561901 0.892685 0.045135 0.156278
0 0.780445 0.895421 0.032766 0.159380
0 0.761841 0.648514 0.027797 0.118324
0 0.815781 0.627819 0.028198 0.108843
0 0.617948 0.601593 0.022437 0.103593
0 0.034826 0.674690 0.027880 0.122991
0 0.265641 0.721431 0.025583 0.123769
0 0.099581 0.754963 0.030911 0.137074
