0 0.437755 0.569458 0.020927 0.084676
0 0.536734 0.713931 0.044083 0.111880
0 0.376445 0.596426 0.021422 0.095889
0 0.278599 0.536690 0.022302 0.081639
0 0.156919 0.680954 0.028630 0.108685
0 0.192479 0.568417 0.020521 0.092463
0 0.473102 0.558106 0.023620 0.096250
0 0.055667 0.794065 0.027344 0.129315
0 0.278208 0.626685 0.023208 0.085815
0 0.229190 0.538241 0.021703 0.081593
0 0.310518 0.544958 0.023474 0.090343
0 0.656198 0.516944 0.022354 0.081611
0 0.226857 0.721500 0.023328 0.116315
0 0.574039 0.667153 0.020859 0.101306
0 0.467771 0.492097 0.022573 0.063361
0 0.287672 0.976394 0.031740 0.047213
1 0.014310 0.466060 0.006359 0.011361
1 0.561664 0.683370 0.008255 0.013130
