0 0.579068 0.451569 0.084344 0.367935
0 0.824927 0.463394 0.069385 0.357287
0 0.878669 0.459134 0.080255 0.372009
0 0.264891 0.441718 0.055687 0.357139
0 0.077036 0.419787 0.060625 0.335833
0 0.456617 0.293218 0.050047 0.127824
0 0.724062 0.450236 0.069625 0.377898
0 0.767677 0.612329 0.081021 0.281269
0 0.743099 0.488606 0.126375 0.451787
0 0.642427 0.453190 0.061000 0.363750
0 0.334130 0.427412 0.103604 0.377750
0 0.443758 0.491301 0.081734 0.382380
0 0.212018 0.440583 0.072734 0.365593
0 0.939497 0.655764 0.093599 0.438417