0 0.004505 0.301287 0.008969 0.084500
0 0.547857 0.311986 0.034151 0.081898
0 0.196029 0.332421 0.021057 0.094231
0 0.397836 0.560009 0.034370 0.138389
0 0.322539 0.407560 0.023484 0.105769
1 0.397721 0.259495 0.013203 0.018602
0 0.370703 0.260694 0.026583 0.078722
0 0.832810 0.390255 0.023380 0.111898
0 0.811609 0.875856 0.042635 0.200824
0 0.456234 0.308343 0.021792 0.092537
0 0.195333 0.432083 0.023406 0.114944
0 0.789401 0.442657 0.025687 0.127241
0 0.086854 0.300204 0.021281 0.081296
0 0.658474 0.312810 0.023135 0.100787
0 0.306047 0.259769 0.020917 0.074981
0 0.353914 0.401565 0.024557 0.114500
