0 0.828685 0.949653 0.036776 0.100694
0 0.220107 0.411144 0.016057 0.064454
0 0.409719 0.431796 0.013437 0.057815
0 0.475029 0.373551 0.008672 0.039028
0 0.465578 0.377009 0.011208 0.041370
1 0.138359 0.419023 0.006208 0.010435
0 0.507023 0.354583 0.014276 0.048204
1 0.477430 0.388685 0.004443 0.008074
0 0.123440 0.653824 0.022203 0.103370
0 0.567740 0.509477 0.017521 0.076528
0 0.183260 0.757940 0.034052 0.120287
0 0.450763 0.516106 0.014786 0.077324
0 0.233086 0.461843 0.014641 0.073630
0 0.660906 0.465602 0.013781 0.065130
0 0.832974 0.601370 0.017365 0.083426
0 0.309615 0.392519 0.012771 0.060815
0 0.580076 0.428856 0.014214 0.059157
0 0.388497 0.473042 0.013943 0.073009
0 0.827865 0.507894 0.017896 0.074380
0 0.729599 0.956352 0.035021 0.086759
