0 0.423206 0.637685 0.028734 0.125907
0 0.704940 0.416088 0.020922 0.082083
0 0.415763 0.539866 0.022464 0.109972
0 0.627089 0.576755 0.023375 0.116046
0 0.757297 0.532861 0.023510 0.109352
0 0.618865 0.463380 0.014719 0.092037
0 0.337807 0.568236 0.027219 0.113824
0 0.391492 0.541583 0.021005 0.114907
0 0.171016 0.444625 0.018427 0.106880
0 0.251865 0.545806 0.026292 0.121944
0 0.303430 0.531495 0.027714 0.110787
0 0.821615 0.383287 0.019083 0.082389
0 0.292078 0.587468 0.025479 0.079102
0 0.325914 0.538259 0.016776 0.125296
1 0.830349 0.424657 0.006344 0.012556
0 0.326742 0.464866 0.019130 0.068250
0 0.342758 0.533116 0.017432 0.104620
0 0.243070 0.472718 0.019266 0.065769
0 0.242354 0.488606 0.020365 0.098028
