0 0.522078 0.461574 0.020552 0.111019
0 0.473651 0.437417 0.015281 0.107259
0 0.523052 0.411324 0.023865 0.051333
0 0.483307 0.439644 0.015323 0.109546
0 0.597948 0.459389 0.021125 0.114148
0 0.232482 0.574736 0.025849 0.117824
0 0.313417 0.429074 0.016073 0.106741
0 0.270326 0.401435 0.016818 0.087796
0 0.382456 0.405495 0.019922 0.091287
0 0.256234 0.719963 0.024427 0.157019
0 0.551005 0.625616 0.018208 0.132454
0 0.542078 0.525310 0.019531 0.108250
0 0.433661 0.416847 0.019635 0.100398
0 0.549224 0.453051 0.021229 0.106250
0 0.052091 0.570583 0.020484 0.118519
0 0.398682 0.429852 0.018042 0.104611
0 0.202503 0.476995 0.016234 0.108528
0 0.501323 0.457880 0.019885 0.103574
0 0.419367 0.411407 0.014120 0.096315
0 0.455714 0.417185 0.019146 0.106556
1 0.264195 0.785241 0.013099 0.021130
