0 0.774349 0.816769 0.046063 0.226815
0 0.824234 0.868083 0.049125 0.227333
0 0.351307 0.464819 0.050312 0.164676
0 0.545549 0.742509 0.048078 0.191667
0 0.969758 0.341181 0.032661 0.149861
0 0.704576 0.921111 0.038880 0.157278
0 0.038451 0.887546 0.043266 0.223333
0 0.866672 0.227079 0.027469 0.091676
0 0.986500 0.570921 0.026729 0.174676
0 0.986711 0.510491 0.026578 0.297852
0 0.935846 0.129782 0.028578 0.098472
1 0.052568 0.865060 0.016000 0.028269
0 0.543161 0.376199 0.026052 0.154750
0 0.576198 0.371042 0.030760 0.153972
0 0.424117 0.587819 0.051276 0.190454
0 0.292836 0.442736 0.037130 0.156843
