0 0.798852 0.449894 0.020432 0.085509
1 0.530401 0.416394 0.004938 0.008620
0 0.029542 0.521000 0.021188 0.077481
0 0.917516 0.610241 0.025552 0.111648
0 0.854328 0.500532 0.019646 0.090806
0 0.772388 0.505505 0.020516 0.093565
0 0.547260 0.400056 0.018417 0.051778
0 0.523312 0.394838 0.021583 0.058120
0 0.229961 0.465653 0.014068 0.071028
0 0.463656 0.441579 0.018281 0.075917
0 0.437682 0.472394 0.016854 0.081880
0 0.684477 0.444389 0.016922 0.083611
0 0.525703 0.483625 0.016729 0.088250
0 0.836641 0.614278 0.024021 0.114333
0 0.610031 0.414894 0.018406 0.073676
