0 0.759023 0.478940 0.023901 0.106602
0 0.787115 0.850491 0.051177 0.175704
0 0.825531 0.606218 0.032115 0.144824
0 0.777818 0.416708 0.022188 0.090843
1 0.061341 0.372958 0.009870 0.014880
0 0.976221 0.408972 0.026724 0.089148
0 0.601044 0.503889 0.025370 0.119704
0 0.358307 0.433870 0.021490 0.108426
0 0.270560 0.437968 0.023641 0.119065
0 0.098018 0.404481 0.022516 0.110444
0 0.535703 0.455000 0.023000 0.107222
0 0.653135 0.284273 0.018823 0.072991
0 0.683505 0.663579 0.027688 0.148417
0 0.071880 0.611667 0.044281 0.127796
0 0.747201 0.361102 0.016536 0.087148
0 0.349245 0.340782 0.020677 0.095843
0 0.814109 0.438657 0.020302 0.101019
0 0.150073 0.441319 0.024167 0.116194
