0 0.488852 0.861778 0.036995 0.207667
0 0.617508 0.360431 0.026870 0.121528
0 0.709276 0.196995 0.017833 0.090972
0 0.502500 0.246046 0.021396 0.096333
0 0.150323 0.227977 0.020979 0.101750
0 0.329138 0.118417 0.017630 0.076056
0 0.335766 0.172731 0.021396 0.086907
0 0.818078 0.456264 0.023594 0.144787
0 0.929737 0.608745 0.029964 0.177806
0 0.428047 0.143602 0.019719 0.087815
0 0.756789 0.365384 0.025672 0.115917
1 0.695865 0.236167 0.007281 0.013556
0 0.382276 0.407560 0.031427 0.137750
0 0.332557 0.314602 0.024333 0.125370
0 0.175089 0.238968 0.022302 0.104787
