0 0.530526 0.381569 0.010844 0.042528
0 0.335930 0.340347 0.008380 0.037917
0 0.787349 0.364903 0.013083 0.045361
0 0.991716 0.549046 0.016568 0.089611
0 0.500953 0.556343 0.017542 0.091870
0 0.641589 0.657528 0.027667 0.106463
0 0.778214 0.656019 0.022240 0.116389
1 0.129008 0.669602 0.010870 0.015148
0 0.712057 0.451431 0.012375 0.062380
0 0.881432 0.466130 0.018115 0.074315
0 0.962521 0.503398 0.017719 0.075741
0 0.505794 0.456806 0.014047 0.064074
0 0.109500 0.673569 0.039417 0.102935
0 0.330919 0.689162 0.034578 0.108972
0 0.727586 0.434782 0.011828 0.059213
0 0.170557 0.515722 0.019344 0.069148
0 0.178805 0.586926 0.026984 0.104185
0 0.313594 0.412347 0.012240 0.057454
0 0.578326 0.472315 0.015609 0.066630
0 0.562307 0.382639 0.008812 0.044815
0 0.227495 0.642977 0.037375 0.092102
0 0.772510 0.382282 0.013104 0.041565
0 0.650299 0.536157 0.018453 0.090222
