0 0.205422 0.442977 0.011156 0.030620
0 0.385656 0.447407 0.012573 0.071630
0 0.385904 0.435745 0.011859 0.046546
0 0.236174 0.485977 0.013328 0.051861
0 0.279911 0.487366 0.014979 0.056731
0 0.281930 0.572037 0.017036 0.083259
0 0.040440 0.491347 0.016984 0.069250
0 0.131708 0.555458 0.017396 0.075250
0 0.411258 0.559519 0.017484 0.073333
0 0.202180 0.483366 0.015234 0.065787
0 0.102948 0.458532 0.011250 0.056731
0 0.372802 0.461579 0.011896 0.057787
0 0.334930 0.493611 0.012505 0.062778
0 0.164125 0.505949 0.014583 0.070676
0 0.398625 0.485787 0.014823 0.068093
0 0.065055 0.500787 0.014474 0.069185
0 0.246000 0.452671 0.014313 0.052176
0 0.385049 0.460139 0.012568 0.065963
0 0.271068 0.536250 0.018625 0.076241
