0 0.036638 0.404505 0.017755 0.084843
0 0.075638 0.593620 0.026943 0.114556
0 0.687380 0.660310 0.033375 0.132806
0 0.463396 0.338144 0.013490 0.075769
0 0.236531 0.391528 0.014354 0.086537
0 0.271115 0.377495 0.016208 0.083991
0 0.259062 0.390213 0.015375 0.082315
0 0.204128 0.368866 0.013224 0.078028
0 0.250609 0.353630 0.015542 0.046648
0 0.215060 0.368259 0.015234 0.074444
1 0.867755 0.766009 0.013604 0.019463
0 0.214242 0.433440 0.021828 0.090843
1 0.198716 0.267995 0.005401 0.010898
0 0.863669 0.575269 0.028234 0.123148
0 0.294049 0.434106 0.019526 0.094991
0 0.422409 0.412431 0.019328 0.089139
0 0.012406 0.496593 0.020573 0.105852
0 0.664159 0.509875 0.022693 0.106120
0 0.383992 0.401810 0.019484 0.084491
0 0.335187 0.391889 0.019229 0.085759
0 0.959826 0.719403 0.022839 0.145806
0 0.507276 0.330759 0.016885 0.079000
0 0.320023 0.400847 0.015255 0.086917
