0 0.369659 0.940981 0.038755 0.116833
0 0.346755 0.761435 0.026562 0.155870
0 0.905810 0.518755 0.020161 0.116843
0 0.436555 0.941023 0.042911 0.117954
0 0.682758 0.406162 0.014307 0.088917
0 0.494312 0.329681 0.014250 0.066176
0 0.004190 0.477417 0.008380 0.110296
1 0.469289 0.564171 0.006599 0.012435
0 0.230299 0.396532 0.017505 0.086861
0 0.485823 0.524819 0.019573 0.108250
0 0.878961 0.508611 0.019943 0.099926
0 0.637331 0.427819 0.015130 0.097583
0 0.295432 0.422250 0.017510 0.094167
0 0.671208 0.433185 0.024031 0.102611
0 0.018242 0.489759 0.018953 0.101870
0 0.151542 0.586213 0.029042 0.124981
0 0.469742 0.340426 0.011943 0.072241
0 0.938138 0.399940 0.024057 0.092213
