0 0.413992 0.409037 0.016370 0.070759
0 0.656380 0.344898 0.012438 0.078611
0 0.144188 0.399796 0.016135 0.070259
0 0.633208 0.373481 0.020083 0.070389
0 0.312310 0.386139 0.016724 0.071704
0 0.622708 0.405981 0.017375 0.084296
0 0.467833 0.377495 0.017542 0.075250
0 0.733742 0.366935 0.013276 0.073463
0 0.895833 0.394375 0.017771 0.064287
0 0.423685 0.468060 0.020984 0.090194
0 0.375922 0.765551 0.044219 0.142509
0 0.227797 0.707324 0.032813 0.120870
0 0.335721 0.424028 0.019380 0.073241
0 0.056240 0.508593 0.020646 0.091426
0 0.225461 0.476824 0.020172 0.096963
0 0.487023 0.472755 0.018870 0.091028
0 0.897839 0.461278 0.018604 0.092833
0 0.950542 0.466500 0.020771 0.101463
0 0.453297 0.691167 0.030031 0.136778
0 0.922932 0.633407 0.034656 0.124148
