1 0.290224 0.682843 0.013740 0.020611
0 0.322349 0.416218 0.023187 0.123676
0 0.978159 0.394245 0.023099 0.118213
0 0.706375 0.246500 0.021635 0.082556
0 0.161753 0.519843 0.030661 0.136352
0 0.245057 0.375866 0.025823 0.121657
0 0.714523 0.361046 0.028078 0.106741
0 0.458727 0.363546 0.019807 0.104981
0 0.674516 0.460333 0.031885 0.132889
0 0.482943 0.409690 0.022479 0.127639
0 0.709440 0.506912 0.023807 0.126880
0 0.507169 0.277509 0.022297 0.099204
0 0.435174 0.276685 0.016807 0.090519
0 0.593375 0.157639 0.017042 0.070056
0 0.590719 0.519435 0.042760 0.069537
0 0.534562 0.516106 0.042385 0.057509
