0 0.986495 0.588259 0.026406 0.106185
0 0.519495 0.671745 0.028198 0.110639
0 0.655049 0.701597 0.025995 0.126917
0 0.894411 0.640662 0.019198 0.106602
0 0.079995 0.763625 0.026885 0.140935
0 0.709107 0.596671 0.024682 0.098491
0 0.559125 0.543296 0.023312 0.103630
0 0.434297 0.579204 0.019146 0.104778
0 0.776305 0.532375 0.019068 0.090139
0 0.456729 0.586963 0.023552 0.110259
0 0.910237 0.427375 0.021641 0.062935
0 0.941648 0.685412 0.024443 0.045713
0 0.326419 0.648569 0.024807 0.113861
0 0.767495 0.702644 0.029344 0.125731
0 0.175883 0.532380 0.056568 0.047093
1 0.319385 0.478264 0.007781 0.012269
