1 0.768990 0.376676 0.009135 0.013833
0 0.696659 0.473921 0.022891 0.118657
0 0.952096 0.499361 0.022495 0.112407
0 0.922271 0.362213 0.020208 0.095685
0 0.584013 0.474542 0.022276 0.112787
0 0.830141 0.410662 0.022250 0.098583
0 0.171154 0.599259 0.026047 0.143352
0 0.740503 0.641324 0.025797 0.145278
0 0.711570 0.346759 0.018724 0.094889
0 0.518628 0.371093 0.018453 0.105037
0 0.528776 0.464444 0.021042 0.118944
0 0.326760 0.452208 0.020948 0.110139
0 0.219917 0.309361 0.016135 0.095444
0 0.696857 0.390213 0.020693 0.083278
0 0.428685 0.433236 0.024516 0.103343
0 0.924971 0.250616 0.018693 0.071880
0 0.653555 0.447532 0.024880 0.113009
0 0.436703 0.409231 0.014688 0.103241
