0 0.070865 0.470495 0.028833 0.093528
0 0.386143 0.434690 0.016328 0.101509
0 0.455534 0.516556 0.018453 0.116852
0 0.530432 0.634792 0.038042 0.141102
0 0.830190 0.544787 0.029286 0.119722
0 0.092307 0.525190 0.025469 0.113120
0 0.416682 0.520060 0.027167 0.114806
0 0.040648 0.456773 0.021984 0.090639
0 0.550784 0.368981 0.022089 0.094426
0 0.734581 0.780102 0.031797 0.170389
1 0.548656 0.359931 0.007229 0.013065
0 0.095716 0.440829 0.016547 0.089676
0 0.439789 0.439042 0.016693 0.101065
0 0.717935 0.451625 0.019589 0.104861
0 0.732289 0.448231 0.016161 0.112241
