0 0.291852 0.510958 0.019495 0.074065
0 0.060526 0.474796 0.014281 0.079037
0 0.085896 0.537287 0.019208 0.092130
0 0.396352 0.546620 0.020776 0.087537
0 0.329703 0.509565 0.026635 0.064278
0 0.416615 0.472889 0.017281 0.074926
0 0.509727 0.537014 0.015109 0.089435
0 0.175727 0.497731 0.021849 0.077593
0 0.281115 0.518463 0.016146 0.060889
0 0.652161 0.507810 0.015188 0.076287
0 0.498669 0.468236 0.019047 0.071769
0 0.486607 0.443861 0.015745 0.063648
0 0.949734 0.960824 0.043490 0.077000
0 0.971521 0.578606 0.022000 0.107083
0 0.109539 0.742727 0.030599 0.148065
0 0.427203 0.582000 0.029833 0.102574
0 0.903573 0.491611 0.018937 0.080333
0 0.982276 0.481602 0.021313 0.076722
0 0.984341 0.726838 0.029193 0.131917