0 0.063664 0.385644 0.020620 0.108917
0 0.111276 0.527153 0.035198 0.118694
0 0.361859 0.480486 0.036521 0.104750
0 0.338237 0.223315 0.019026 0.075296
0 0.479404 0.356019 0.026536 0.096537
0 0.750818 0.334111 0.024823 0.099444
0 0.608969 0.565537 0.038427 0.106481
0 0.219924 0.412361 0.020359 0.102796
0 0.337253 0.317111 0.021641 0.096519
0 0.381977 0.228338 0.018078 0.081639
0 0.018125 0.160083 0.018062 0.077093
0 0.254742 0.470472 0.026547 0.108519
0 0.793911 0.158403 0.015844 0.072139
0 0.201607 0.310227 0.020443 0.093583
0 0.537984 0.761102 0.036823 0.141722
0 0.544365 0.026292 0.016896 0.047602
1 0.683495 0.618176 0.012583 0.017481
0 0.661732 0.585861 0.051682 0.103556
0 0.148122 0.555014 0.025443 0.125398