0 0.922716 0.424556 0.012151 0.061889
0 0.812654 0.648319 0.036568 0.089269
0 0.288208 0.674944 0.024073 0.098296
0 0.509388 0.535380 0.027578 0.075537
0 0.371068 0.781861 0.039646 0.105259
0 0.377859 0.363931 0.013302 0.048176
0 0.845383 0.477852 0.016651 0.075370
0 0.901305 0.448403 0.019849 0.062139
0 0.602135 0.442259 0.014594 0.063426
0 0.582297 0.554569 0.020240 0.077583
0 0.543167 0.445097 0.021615 0.060991
0 0.711698 0.686981 0.024562 0.089796
0 0.268049 0.471431 0.015516 0.065491
0 0.340609 0.271542 0.017292 0.041269
0 0.587536 0.505028 0.028969 0.066870
0 0.526424 0.368403 0.013161 0.051176
0 0.579258 0.452884 0.011328 0.050843
1 0.533021 0.467657 0.006969 0.011778
