0 0.382055 0.519579 0.028411 0.111287
0 0.096638 0.426403 0.032766 0.061491
1 0.108250 0.260398 0.008667 0.015815
0 0.472919 0.432310 0.027464 0.130157
0 0.453281 0.451356 0.036406 0.163324
0 0.109339 0.499972 0.038802 0.125519
0 0.374146 0.453009 0.025167 0.139130
0 0.437526 0.398319 0.020396 0.129602
0 0.231591 0.519199 0.045547 0.132954
0 0.075721 0.484176 0.028391 0.139963
0 0.604471 0.430505 0.027005 0.139676
0 0.407888 0.497176 0.036057 0.129333
0 0.178760 0.487551 0.029167 0.145713
0 0.308505 0.484486 0.032938 0.142620
