0 0.581885 0.458375 0.017438 0.069880
1 0.314482 0.215662 0.009432 0.016250
0 0.535552 0.453514 0.018615 0.105880
0 0.578521 0.514537 0.026302 0.108000
0 0.038260 0.624523 0.032490 0.126269
0 0.184172 0.374199 0.017792 0.080935
0 0.272784 0.304338 0.021828 0.082954
0 0.695151 0.548681 0.031021 0.106528
0 0.509909 0.444310 0.026443 0.102546
0 0.205031 0.525676 0.032115 0.109759
0 0.157596 0.319319 0.015443 0.083380
0 0.655346 0.501472 0.033401 0.086148
0 0.733732 0.455509 0.025432 0.052759
0 0.739341 0.527227 0.034620 0.134083
0 0.549602 0.467972 0.021318 0.104556
0 0.628906 0.451051 0.019094 0.112546
0 0.666703 0.465477 0.019990 0.111417
0 0.682299 0.461940 0.017495 0.093657
0 0.637914 0.472903 0.023016 0.093139
0 0.569815 0.464315 0.016089 0.102259
1 0.746057 0.345657 0.006948 0.013185
0 0.631867 0.458199 0.024349 0.122880
1 0.393424 0.340963 0.006870 0.012889
