0 0.692648 0.568690 0.027411 0.116120
0 0.733484 0.659792 0.023917 0.126935
0 0.560560 0.483296 0.026495 0.110907
0 0.430086 0.493116 0.044307 0.102157
0 0.387023 0.809995 0.038995 0.164250
0 0.293794 0.667079 0.031891 0.155602
0 0.838654 0.533500 0.027786 0.125963
0 0.626021 0.415796 0.029271 0.083500
0 0.067062 0.426463 0.025198 0.098833
0 0.422544 0.885236 0.047339 0.203565
0 0.559190 0.423903 0.021016 0.045361
0 0.677836 0.463722 0.021630 0.115889
1 0.970742 0.440222 0.010641 0.016074
0 0.664953 0.455815 0.016573 0.115815
1 0.265844 0.445440 0.009792 0.016972
0 0.350482 0.533148 0.039599 0.112852
0 0.627482 0.495403 0.051214 0.044046
0 0.705664 0.446574 0.022693 0.111000
0 0.364500 0.455440 0.023948 0.102583
