0 0.579461 0.339977 0.014099 0.059120
0 0.583841 0.410218 0.024797 0.077657
0 0.992794 0.484977 0.014411 0.115009
0 0.589500 0.360014 0.019552 0.047435
0 0.004898 0.267921 0.009797 0.078472
0 0.456930 0.368616 0.018641 0.088676
0 0.530583 0.358444 0.024771 0.076056
0 0.233333 0.299917 0.017083 0.073981
0 0.606888 0.381343 0.019714 0.079870
0 0.947648 0.420366 0.017891 0.105120
0 0.320677 0.493301 0.027875 0.117250
0 0.691794 0.431264 0.019745 0.103417
0 0.256044 0.620431 0.037026 0.130861
0 0.075797 0.317287 0.018833 0.088889
0 0.332135 0.320046 0.018948 0.085333
0 0.919508 0.477963 0.020307 0.115759
0 0.227667 0.384097 0.024635 0.094880
0 0.199641 0.413407 0.020500 0.082722
