0 0.990435 0.400194 0.015776 0.070167
0 0.535651 0.424935 0.023135 0.076130
0 0.657622 0.455185 0.016786 0.084759
0 0.302969 0.448046 0.020333 0.077833
0 0.907721 0.462333 0.021349 0.085222
0 0.490018 0.571565 0.027182 0.091852
0 0.879805 0.344296 0.013474 0.067833
0 0.871922 0.426903 0.017375 0.074694
0 0.283453 0.599130 0.023813 0.077926
0 0.721500 0.331685 0.018094 0.063389
0 0.364112 0.426829 0.015870 0.072306
0 0.637531 0.318940 0.011979 0.057287
0 0.851198 0.493324 0.018000 0.085037
0 0.902471 0.378940 0.014609 0.052917
0 0.477828 0.341583 0.014948 0.062148
0 0.442703 0.284597 0.015510 0.059028
0 0.903125 0.393273 0.015698 0.081120
1 0.015138 0.490421 0.008047 0.014435
