0 0.173599 0.394116 0.024073 0.071250
0 0.100693 0.464333 0.021740 0.088296
0 0.124859 0.540769 0.016729 0.089148
0 0.379745 0.368356 0.020354 0.060324
0 0.819695 0.458560 0.025109 0.071454
0 0.785664 0.281213 0.013870 0.054111
0 0.257320 0.468713 0.024599 0.076926
0 0.864602 0.334014 0.013766 0.059824
0 0.501284 0.386491 0.017745 0.073352
0 0.571219 0.485852 0.017500 0.077519
0 0.313318 0.525727 0.030719 0.089528
0 0.353919 0.474981 0.025557 0.074981
0 0.100555 0.632097 0.019432 0.100917
0 0.786151 0.429250 0.016250 0.080352
0 0.920539 0.935620 0.027766 0.128759
0 0.704526 0.521671 0.020677 0.089583
0 0.667333 0.702583 0.029177 0.116630
0 0.783534 0.678037 0.026974 0.103037
0 0.105458 0.451000 0.018573 0.100574
1 0.453979 0.439245 0.007729 0.012694
0 0.340398 0.307384 0.021589 0.052065
