0 0.624331 0.317856 0.023536 0.089324
0 0.364414 0.855361 0.033568 0.141833
0 0.919406 0.290579 0.019479 0.091157
0 0.520974 0.293236 0.035490 0.093194
0 0.241424 0.717741 0.038755 0.145315
0 0.807534 0.397227 0.016141 0.111731
0 0.665078 0.226005 0.018385 0.061102
0 0.658156 0.290852 0.018490 0.095148
0 0.684719 0.294194 0.030677 0.094611
0 0.556435 0.367227 0.029297 0.107120
0 0.645862 0.286690 0.018141 0.092417
0 0.702271 0.064347 0.017979 0.064231
1 0.471844 0.300130 0.011542 0.021093
0 0.485943 0.550676 0.022094 0.131926
0 0.784484 0.329074 0.019792 0.102944
0 0.690667 0.225690 0.017031 0.089028
0 0.423891 0.703556 0.025990 0.149389
