0 0.155049 0.446588 0.014995 0.070972
1 0.869836 0.523486 0.008641 0.013602
0 0.271151 0.281782 0.012312 0.046954
0 0.266214 0.296736 0.010750 0.044583
0 0.589417 0.386958 0.012354 0.051843
0 0.207995 0.450750 0.013313 0.064667
0 0.345094 0.321560 0.011042 0.048380
0 0.285591 0.393282 0.012484 0.060806
0 0.581854 0.414866 0.012094 0.055083
0 0.669677 0.450023 0.014958 0.066435
0 0.488349 0.312306 0.013823 0.053074
0 0.808216 0.360204 0.013359 0.061019
0 0.125417 0.424259 0.013854 0.070259
0 0.196896 0.490440 0.015010 0.078843
0 0.207849 0.353472 0.011979 0.055630
0 0.221948 0.532069 0.018146 0.071380
0 0.301409 0.470352 0.020682 0.073722
0 0.940753 0.526931 0.016182 0.085583
0 0.040076 0.490356 0.018453 0.077972
0 0.355888 0.620333 0.017297 0.095056
0 0.458242 0.851227 0.023026 0.112028
