0 0.264680 0.497463 0.012724 0.073148
0 0.174458 0.484241 0.014604 0.072407
0 0.917961 0.658204 0.018568 0.084185
0 0.010615 0.575278 0.019271 0.084519
0 0.323737 0.477829 0.017141 0.074972
0 0.036492 0.526463 0.024922 0.071222
0 0.158974 0.487329 0.012552 0.071417
1 0.686292 0.495019 0.006083 0.011556
0 0.110016 0.470088 0.013042 0.065435
0 0.110216 0.460722 0.012797 0.047389
0 0.256690 0.496292 0.012599 0.073528
0 0.088945 0.455171 0.011151 0.036991
1 0.887531 0.652472 0.010448 0.016019
0 0.118729 0.490801 0.013438 0.063472
0 0.398135 0.493037 0.012281 0.070611
0 0.074875 0.498125 0.018729 0.065528
0 0.127870 0.540213 0.014177 0.074056
0 0.302969 0.451389 0.014896 0.070111
0 0.276393 0.467532 0.012849 0.067046
0 0.946846 0.636884 0.014766 0.085491
0 0.095240 0.490144 0.015687 0.071491
0 0.095818 0.451366 0.009354 0.023861
0 0.009513 0.488366 0.015682 0.070861
0 0.110302 0.453681 0.013313 0.033528
