0 0.716742 0.624880 0.014599 0.083593
0 0.566888 0.850977 0.029922 0.104972
0 0.336016 0.572255 0.015646 0.081306
0 0.457865 0.507023 0.014969 0.072139
0 0.779292 0.517736 0.012885 0.071843
0 0.963831 0.412088 0.011609 0.061472
0 0.838076 0.310644 0.013474 0.046176
0 0.925135 0.351810 0.012823 0.048935
0 0.766807 0.502088 0.011365 0.068694
0 0.739992 0.349829 0.010266 0.047991
0 0.995469 0.381977 0.009063 0.054731
0 0.775708 0.412167 0.016292 0.062315
0 0.632271 0.305995 0.008885 0.038991
0 0.436937 0.355532 0.014719 0.048898
0 0.490130 0.427287 0.013750 0.057704
0 0.105799 0.459745 0.015432 0.068491
0 0.788331 0.411394 0.012411 0.062824
0 0.849742 0.371009 0.010922 0.047722
0 0.497943 0.287500 0.010750 0.040370
0 0.858227 0.413894 0.013286 0.056639
0 0.996721 0.468843 0.006557 0.067093
1 0.143536 0.487000 0.006844 0.011056
