1 0.333568 0.336963 0.009312 0.017463
0 0.876135 0.413616 0.016823 0.086509
0 0.806469 0.640894 0.035990 0.112361
0 0.204057 0.586449 0.028177 0.097546
0 0.668385 0.336120 0.015729 0.060093
0 0.502271 0.332995 0.015385 0.068954
0 0.839573 0.390032 0.015365 0.075120
0 0.047680 0.348500 0.015484 0.069352
0 0.940023 0.754394 0.029297 0.121991
0 0.240883 0.573931 0.025130 0.102898
0 0.485729 0.478213 0.018781 0.087963
0 0.651984 0.745861 0.029146 0.112667
0 0.897958 0.512065 0.028687 0.096370
0 0.579135 0.726134 0.037677 0.118565
0 0.687586 0.470231 0.027766 0.087241
0 0.224091 0.576745 0.019911 0.114028
