0 0.234279 0.465005 0.023089 0.118324
1 0.545875 0.325824 0.009688 0.015148
0 0.610919 0.404472 0.024234 0.098241
0 0.606044 0.402870 0.014484 0.094574
0 0.210396 0.717440 0.029708 0.145898
0 0.481539 0.722704 0.032391 0.137852
0 0.521948 0.474347 0.024354 0.100731
0 0.892141 0.783074 0.031896 0.158630
0 0.292232 0.889032 0.043828 0.177824
0 0.683841 0.678773 0.026214 0.146787
0 0.202073 0.541727 0.023229 0.126806
0 0.113896 0.904333 0.039167 0.183463
0 0.616878 0.576454 0.028672 0.136130
0 0.865078 0.298634 0.026552 0.089454
0 0.679542 0.412083 0.029073 0.112370
0 0.248529 0.478532 0.024797 0.107528
0 0.952232 0.552269 0.034620 0.123444
0 0.557195 0.327282 0.031849 0.075028
0 0.425461 0.335903 0.025276 0.082306
0 0.829823 0.629852 0.029396 0.133074
0 0.619896 0.398875 0.027354 0.110009
0 0.873135 0.507778 0.026479 0.108741
