0 0.764313 0.528431 0.013354 0.080731
0 0.660867 0.437227 0.014120 0.065361
0 0.626391 0.437972 0.014813 0.065407
0 0.844651 0.461796 0.012396 0.062296
0 0.845112 0.421884 0.011620 0.036972
0 0.941849 0.448356 0.013437 0.067861
0 0.047331 0.604699 0.020203 0.084620
0 0.712169 0.432671 0.010391 0.063565
0 0.878638 0.455778 0.016401 0.069481
0 0.743464 0.419125 0.011365 0.070528
0 0.789474 0.502949 0.017344 0.065306
0 0.702516 0.432407 0.011917 0.065815
0 0.726060 0.437074 0.011495 0.065259
0 0.883732 0.435477 0.010328 0.061935
0 0.635000 0.416319 0.014469 0.067046
1 0.084865 0.642171 0.009292 0.015880
0 0.726292 0.399644 0.012635 0.032861
0 0.900932 0.316278 0.011292 0.047611
0 0.932466 0.537181 0.015068 0.070528
0 0.556846 0.450130 0.011953 0.061796
