0 0.396500 0.533384 0.014490 0.071769
0 0.336055 0.892079 0.025839 0.129306
0 0.683805 0.589259 0.018609 0.095463
0 0.131669 0.600060 0.019974 0.087231
0 0.163667 0.642653 0.030708 0.073602
0 0.605641 0.571426 0.017250 0.075407
0 0.270443 0.477569 0.013948 0.063509
0 0.838862 0.483593 0.014307 0.066741
0 0.241172 0.652023 0.022979 0.087287
0 0.599779 0.404157 0.012745 0.055722
0 0.825096 0.618940 0.018203 0.078824
0 0.242661 0.811708 0.031406 0.100398
0 0.560214 0.885630 0.027406 0.105000
1 0.550490 0.928032 0.009313 0.017065
0 0.332565 0.399579 0.012547 0.057880
0 0.879758 0.416602 0.013359 0.061148
0 0.788057 0.451569 0.013927 0.067954
0 0.389831 0.394778 0.012318 0.052204
0 0.607823 0.322819 0.010646 0.042380
0 0.479401 0.498894 0.012708 0.065491
0 0.406810 0.293616 0.013755 0.047176
0 0.514732 0.835528 0.028141 0.102204
