0 0.926112 0.825968 0.030443 0.165972
0 0.369625 0.886917 0.029854 0.152426
0 0.229763 0.525250 0.025807 0.087593
0 0.513000 0.512370 0.028500 0.110685
0 0.087352 0.807014 0.043161 0.147046
1 0.575250 0.278681 0.006458 0.012083
0 0.342029 0.404981 0.024380 0.076704
0 0.286388 0.400935 0.021516 0.089056
0 0.866542 0.944222 0.034771 0.110907
0 0.088958 0.485708 0.021708 0.103657
0 0.654943 0.482333 0.022500 0.111259
0 0.753198 0.556648 0.025177 0.119796
0 0.390247 0.593801 0.030318 0.114528
1 0.886401 0.329528 0.007542 0.013722
1 0.279685 0.331750 0.009734 0.014500
0 0.558411 0.443176 0.017958 0.090111
0 0.549747 0.480477 0.025734 0.108398
0 0.220148 0.618417 0.044120 0.137519
0 0.952193 0.428060 0.024646 0.106065
