0 0.204938 0.699079 0.037917 0.091269
0 0.211120 0.466329 0.023635 0.119991
0 0.727727 0.469208 0.024234 0.098917
0 0.605297 0.226514 0.026781 0.072269
0 0.812750 0.650292 0.050010 0.126861
0 0.238604 0.636847 0.043312 0.170769
0 0.411495 0.461759 0.035979 0.105889
0 0.600151 0.571213 0.031750 0.123944
0 0.123839 0.820958 0.053365 0.134935
0 0.131555 0.506412 0.021755 0.117269
0 0.184758 0.443648 0.023932 0.111463
0 0.109792 0.504444 0.027771 0.107259
0 0.250768 0.560185 0.025349 0.098241
1 0.767437 0.352398 0.011812 0.017500
0 0.224875 0.457495 0.021010 0.107139
0 0.204701 0.713759 0.039516 0.129815
