0 0.659409 0.415481 0.014609 0.070741
0 0.680654 0.425634 0.011599 0.067287
0 0.453372 0.526472 0.014422 0.070500
0 0.069661 0.592222 0.020781 0.052037
0 0.570414 0.396727 0.012891 0.029972
0 0.605383 0.376829 0.013547 0.036306
0 0.707852 0.376611 0.012130 0.032537
1 0.083646 0.611162 0.006781 0.012213
0 0.254349 0.618759 0.014854 0.084889
0 0.653586 0.404694 0.007755 0.056778
0 0.800779 0.485088 0.016911 0.089639
0 0.605451 0.417333 0.013984 0.068407
0 0.776232 0.401384 0.010786 0.063824
0 0.708534 0.417282 0.013818 0.064435
0 0.569385 0.439167 0.015198 0.072963
0 0.692591 0.399333 0.011182 0.059019
0 0.752953 0.398514 0.012021 0.066343
0 0.726828 0.409278 0.010521 0.063778
0 0.645924 0.402741 0.012672 0.062926
0 0.735451 0.382417 0.010672 0.059556
