0 0.710596 0.461741 0.030568 0.095148
0 0.365992 0.450491 0.028641 0.107648
0 0.330513 0.532588 0.032422 0.112472
0 0.206513 0.337644 0.022849 0.092787
0 0.312885 0.484991 0.026062 0.088981
0 0.276526 0.391125 0.034177 0.047509
0 0.518104 0.320907 0.029500 0.086315
0 0.905760 0.547829 0.028656 0.117972
0 0.591602 0.365625 0.025776 0.082898
0 0.170354 0.422194 0.028271 0.096519
0 0.706867 0.411949 0.033818 0.050657
0 0.371104 0.389685 0.024677 0.040481
1 0.343896 0.519699 0.007396 0.015157
0 0.950742 0.769407 0.041589 0.102759
0 0.360419 0.355296 0.025078 0.048926