0 0.812068 0.464389 0.023031 0.087611
0 0.447313 0.641116 0.029813 0.119694
0 0.060966 0.705500 0.025839 0.127278
0 0.604260 0.462005 0.030031 0.081324
0 0.394409 0.447519 0.026901 0.092907
0 0.222344 0.574394 0.019708 0.106120
0 0.699474 0.330935 0.022583 0.078333
0 0.272674 0.568792 0.020578 0.096583
0 0.641279 0.539880 0.022766 0.116019
0 0.621057 0.307866 0.015875 0.071546
0 0.378922 0.278282 0.018177 0.064565
1 0.655617 0.487972 0.009182 0.012389
0 0.249464 0.398171 0.028698 0.078343
0 0.616586 0.579352 0.042828 0.104444
0 0.727195 0.474106 0.018995 0.088176
0 0.430932 0.262657 0.018938 0.061315
0 0.848174 0.535620 0.025318 0.091759
0 0.151714 0.700421 0.023000 0.129046
