0 0.765992 0.380088 0.024047 0.095861
1 0.617026 0.281185 0.011010 0.016852
0 0.921953 0.369657 0.017771 0.096556
0 0.464482 0.346037 0.014536 0.087333
0 0.382984 0.342824 0.022510 0.091185
0 0.542943 0.494454 0.023542 0.091296
0 0.632617 0.456847 0.022974 0.107787
0 0.349685 0.452287 0.033349 0.104204
0 0.292536 0.636829 0.032240 0.125472
0 0.434563 0.736884 0.039573 0.142769
0 0.583352 0.304037 0.015724 0.046722
0 0.423396 0.271394 0.022063 0.070750
0 0.572237 0.345023 0.019068 0.071972
0 0.785154 0.469889 0.022693 0.102074
