0 0.710250 0.527000 0.024000 0.045278
0 0.267128 0.368231 0.015901 0.093778
0 0.734690 0.425319 0.021609 0.101639
0 0.053927 0.689130 0.032969 0.138315
0 0.717198 0.232088 0.016385 0.079009
0 0.507534 0.311380 0.017380 0.080093
0 0.489086 0.322019 0.019036 0.087926
0 0.587031 0.355449 0.019844 0.096435
0 0.781672 0.593940 0.030479 0.125639
1 0.468969 0.781894 0.010625 0.022935
0 0.454714 0.819704 0.035344 0.147685
0 0.458802 0.632903 0.031406 0.121769
0 0.529815 0.436181 0.023109 0.098120
0 0.130997 0.678431 0.023526 0.126713
0 0.121427 0.399458 0.018969 0.099287
0 0.910323 0.521579 0.037375 0.123454
0 0.708177 0.602407 0.025875 0.123278
0 0.530503 0.640023 0.040818 0.125287
0 0.749516 0.421912 0.018344 0.100361