0 0.332602 0.512329 0.024318 0.114361
0 0.778010 0.371009 0.018104 0.087056
0 0.361021 0.784755 0.059208 0.121028
0 0.513659 0.470838 0.021714 0.084213
0 0.017271 0.376870 0.020302 0.065852
0 0.351008 0.474968 0.028536 0.097546
0 0.231615 0.388704 0.022708 0.082870
0 0.653602 0.625708 0.042068 0.119250
0 0.729703 0.371153 0.018698 0.088028
0 0.885206 0.498023 0.017589 0.111343
0 0.914201 0.646000 0.020609 0.117500
0 0.518974 0.380884 0.021875 0.040657
0 0.349831 0.783625 0.035776 0.121065
1 0.314680 0.391083 0.007578 0.012648
0 0.538156 0.354667 0.026271 0.072944
0 0.209706 0.566926 0.038005 0.099833
0 0.054164 0.293718 0.028557 0.058250
0 0.267089 0.345009 0.023052 0.069333
0 0.323031 0.354972 0.017990 0.071759
