0 0.178995 0.464694 0.021510 0.079852
0 0.266633 0.400519 0.012161 0.070852
0 0.254797 0.349116 0.016719 0.063787
0 0.651570 0.496361 0.019068 0.082630
0 0.662961 0.471898 0.011995 0.061926
0 0.857357 0.442407 0.020797 0.082426
0 0.303773 0.535241 0.017286 0.056556
0 0.590008 0.387560 0.016161 0.040898
0 0.842802 0.517741 0.019333 0.086444
0 0.440115 0.588356 0.026729 0.099102
0 0.564633 0.484634 0.020411 0.089361
0 0.722508 0.437856 0.016786 0.072917
0 0.758742 0.502551 0.028609 0.088213
0 0.947753 0.937023 0.039526 0.125954
0 0.216102 0.723157 0.020141 0.111907
1 0.304987 0.555778 0.007589 0.010574
0 0.173732 0.540731 0.018120 0.090815
0 0.382422 0.506370 0.025385 0.083556
0 0.278099 0.525171 0.018031 0.092731
0 0.895602 0.408421 0.014266 0.072435
0 0.592237 0.441435 0.018880 0.081463
