0 0.648102 0.467917 0.018797 0.095074
0 0.146437 0.219514 0.012406 0.055306
0 0.941706 0.962699 0.023516 0.072991
0 0.482362 0.548884 0.022557 0.055139
0 0.455070 0.615250 0.016005 0.110500
0 0.767596 0.388542 0.017943 0.085176
0 0.486328 0.422079 0.022312 0.084083
0 0.021289 0.548315 0.031057 0.094204
0 0.195531 0.649204 0.019792 0.111037
0 0.436565 0.408954 0.023661 0.083370
0 0.327849 0.380366 0.019229 0.077306
0 0.723497 0.591778 0.021026 0.095241
0 0.289549 0.431796 0.023964 0.084593
0 0.612672 0.265759 0.017208 0.062056
0 0.171201 0.396056 0.013339 0.080870
0 0.657789 0.495620 0.018661 0.094963
0 0.239378 0.297394 0.020401 0.067713
0 0.187094 0.480866 0.016813 0.086731
0 0.672078 0.280755 0.017219 0.061380
