0 0.478932 0.481949 0.017635 0.064269
0 0.487497 0.575736 0.025422 0.114417
0 0.540214 0.509810 0.019115 0.075528
0 0.557555 0.475639 0.018693 0.102685
0 0.499224 0.469824 0.015896 0.039963
0 0.570763 0.525301 0.018620 0.105750
0 0.337029 0.324806 0.013203 0.066870
1 0.237865 0.341477 0.005854 0.011380
0 0.479604 0.496083 0.018813 0.091167
0 0.577797 0.466171 0.014146 0.059639
0 0.527880 0.454468 0.024802 0.055009
0 0.421961 0.505019 0.023224 0.110630
0 0.237354 0.505245 0.022031 0.107694
0 0.144531 0.653611 0.029500 0.116778
0 0.282539 0.540921 0.021464 0.112657
1 0.156253 0.334384 0.007464 0.011991
0 0.621508 0.474579 0.022755 0.114972
0 0.531984 0.581505 0.026083 0.122602
0 0.229214 0.354009 0.016333 0.075519
0 0.588779 0.499310 0.019943 0.106546
0 0.497693 0.527847 0.021531 0.115806
0 0.520135 0.432218 0.015323 0.099657
0 0.294940 0.499620 0.019880 0.098630
