0 0.117909 0.726667 0.030568 0.161241
1 0.548039 0.762917 0.012589 0.019574
0 0.967826 0.155278 0.018682 0.083981
0 0.246258 0.399375 0.034724 0.107898
0 0.822820 0.595546 0.031932 0.132111
0 0.494284 0.669162 0.034359 0.147306
0 0.644341 0.269199 0.023005 0.101176
0 0.445706 0.316588 0.028349 0.102583
0 0.377651 0.611472 0.042896 0.136630
0 0.544893 0.492421 0.037172 0.117213
0 0.455010 0.226903 0.023750 0.090880
0 0.858128 0.602306 0.037609 0.113370
0 0.826422 0.423370 0.033917 0.106315
0 0.792961 0.422227 0.037380 0.109491
0 0.449703 0.412523 0.022635 0.106620
0 0.407823 0.564958 0.026135 0.140213
0 0.588078 0.692273 0.033417 0.148528
0 0.562320 0.702259 0.043703 0.128630