0 0.839958 0.294241 0.027760 0.076944
0 0.363474 0.427509 0.034365 0.133370
0 0.749612 0.802398 0.059099 0.230759
0 0.557742 0.629731 0.049589 0.180519
1 0.522562 0.246708 0.005573 0.008454
0 0.487560 0.221060 0.022130 0.079565
0 0.561904 0.377625 0.027766 0.049324
0 0.690021 0.645787 0.046396 0.182870
0 0.717086 0.549083 0.024120 0.178870
0 0.841094 0.369884 0.031854 0.118194
0 0.810833 0.197565 0.015927 0.058333
0 0.825169 0.227537 0.018203 0.064722
0 0.756120 0.252731 0.025312 0.078037
0 0.562096 0.448421 0.025443 0.125731
0 0.669604 0.343801 0.035917 0.102417
0 0.310695 0.351653 0.022849 0.119139
0 0.294516 0.489625 0.031885 0.148398
0 0.580146 0.284218 0.016750 0.090213
