0 0.493070 0.351500 0.009859 0.052630
0 0.373565 0.430366 0.018391 0.059287
0 0.944844 0.707894 0.036802 0.145954
0 0.865576 0.854681 0.040578 0.181176
0 0.621497 0.491537 0.017641 0.100741
0 0.232971 0.626944 0.025703 0.126500
0 0.429013 0.405491 0.019880 0.059167
0 0.968229 0.473134 0.017031 0.096620
0 0.360982 0.455213 0.017953 0.077315
0 0.596510 0.460792 0.013750 0.070065
0 0.503320 0.402458 0.012672 0.058028
0 0.318604 0.452796 0.018667 0.075722
0 0.760625 0.719458 0.034188 0.156546
0 0.332445 0.420736 0.015953 0.058898
0 0.220076 0.453403 0.015464 0.076083
0 0.234867 0.441167 0.012797 0.070185
0 0.438578 0.577569 0.027958 0.105546
0 0.386339 0.517153 0.019740 0.092583
0 0.618505 0.430093 0.015979 0.046537
0 0.662682 0.379907 0.011250 0.055056
0 0.653690 0.379935 0.009516 0.053778
