0 0.868151 0.415417 0.017042 0.086444
0 0.373424 0.324676 0.013984 0.073759
0 0.282531 0.342477 0.014948 0.072250
0 0.800604 0.361449 0.014271 0.071361
0 0.727380 0.458551 0.033563 0.106713
0 0.419271 0.338384 0.017365 0.066398
0 0.154904 0.324880 0.022432 0.071907
0 0.712906 0.343690 0.035552 0.083972
0 0.119922 0.299097 0.013344 0.041769
0 0.739948 0.308250 0.019042 0.057333
0 0.669682 0.477931 0.027687 0.115620
0 0.579221 0.376792 0.013589 0.070620
0 0.025180 0.373505 0.017005 0.078731
0 0.513576 0.388310 0.027495 0.087083
0 0.185057 0.403375 0.022260 0.090287
0 0.579031 0.306935 0.012479 0.060574
0 0.489083 0.401778 0.015187 0.098481
0 0.474484 0.305569 0.030031 0.067231
0 0.113141 0.333519 0.013677 0.069444
0 0.728523 0.315250 0.016505 0.066815
