0 0.649589 0.382306 0.031854 0.139907
0 0.452458 0.334329 0.028635 0.106139
0 0.245622 0.317407 0.022495 0.075741
0 0.220641 0.726759 0.074865 0.274556
1 0.418953 0.411222 0.014010 0.021667
0 0.462635 0.383130 0.026677 0.127074
0 0.484443 0.344616 0.032896 0.079065
0 0.255378 0.357611 0.028026 0.079056
0 0.910026 0.469838 0.055417 0.173269
0 0.185414 0.425046 0.032047 0.161611
0 0.258643 0.456708 0.056255 0.176991
0 0.172203 0.395292 0.025521 0.186972
0 0.332896 0.397574 0.038031 0.139463
0 0.475828 0.454903 0.039542 0.164287
