0 0.786927 0.478954 0.019719 0.090630
0 0.691786 0.506347 0.020781 0.106713
0 0.615870 0.476981 0.026500 0.098741
0 0.025870 0.475259 0.028219 0.091426
0 0.679195 0.498389 0.019297 0.112833
0 0.367070 0.730963 0.045818 0.192907
0 0.708622 0.549838 0.042193 0.128194
0 0.845966 0.602051 0.037516 0.157250
0 0.781888 0.522690 0.033141 0.113102
0 0.986797 0.753815 0.026406 0.228944
0 0.378143 0.493347 0.029328 0.111213
0 0.771318 0.472056 0.019781 0.093685
0 0.060924 0.547310 0.030484 0.110120
0 0.314352 0.474259 0.037693 0.093796
