0 0.424919 0.570727 0.040932 0.186565
0 0.617370 0.580019 0.030937 0.179000
0 0.766474 0.588528 0.033240 0.185074
0 0.319143 0.593829 0.038182 0.181472
0 0.267784 0.589972 0.034401 0.181037
0 0.691492 0.671954 0.055953 0.227074
0 0.383031 0.509329 0.019198 0.054083
0 0.111320 0.513111 0.023828 0.138500
0 0.223359 0.518384 0.023406 0.148565
0 0.358370 0.569296 0.030531 0.161130
0 0.932372 0.414644 0.023224 0.107713
0 0.033099 0.543875 0.034302 0.151009
0 0.988750 0.484653 0.021948 0.127824
0 0.443625 0.523019 0.025469 0.107278
0 0.405961 0.496329 0.029380 0.055861
0 0.995487 0.404898 0.009026 0.061074
0 0.390484 0.584361 0.027969 0.139778
1 0.915185 0.467356 0.008130 0.013343
