0 0.613271 0.482394 0.026104 0.134120
0 0.315273 0.461370 0.021297 0.113870
0 0.500893 0.452171 0.022255 0.101046
0 0.413430 0.454653 0.019557 0.117009
0 0.347224 0.477500 0.024187 0.132981
0 0.576901 0.496065 0.025771 0.132333
0 0.911797 0.554208 0.027354 0.157176
0 0.264307 0.444657 0.021500 0.117463
0 0.395750 0.444194 0.023333 0.118333
0 0.059479 0.547625 0.025344 0.158843
0 0.457638 0.460819 0.027953 0.117787
0 0.482539 0.531259 0.027891 0.135444
1 0.188438 0.568130 0.011250 0.018111
0 0.142555 0.482296 0.017911 0.134444
0 0.550234 0.488009 0.032531 0.136796
0 0.163956 0.521954 0.036526 0.112148
0 0.523844 0.486477 0.026427 0.132583
