0 0.671099 0.472384 0.012240 0.056694
0 0.870573 0.499463 0.014771 0.076056
0 0.668750 0.577398 0.020531 0.109926
0 0.116117 0.572593 0.023193 0.096315
0 0.185828 0.539551 0.018260 0.082046
0 0.289732 0.565602 0.020401 0.101315
0 0.529539 0.536102 0.013703 0.085556
1 0.145451 0.651852 0.010995 0.018037
0 0.916990 0.421944 0.008375 0.038222
0 0.541612 0.673838 0.029859 0.152287
0 0.516557 0.557778 0.021740 0.090389
0 0.491812 0.448199 0.011448 0.048880
0 0.135690 0.668907 0.026578 0.130519
0 0.556224 0.653417 0.021833 0.135111
0 0.271378 0.523833 0.016245 0.079074
0 0.475198 0.486171 0.012115 0.059991
0 0.351758 0.565727 0.026130 0.100880
0 0.084536 0.552852 0.020656 0.088259
0 0.252714 0.526319 0.018240 0.083250
0 0.817909 0.497528 0.015630 0.071185
