0 0.548669 0.457403 0.023016 0.114991
0 0.169237 0.375019 0.029443 0.075574
0 0.424253 0.388472 0.027547 0.082667
0 0.217328 0.379889 0.020427 0.081352
0 0.554701 0.354963 0.022901 0.053556
0 0.636802 0.376231 0.017083 0.082500
1 0.498310 0.372810 0.006609 0.010880
0 0.511122 0.344569 0.016141 0.063972
0 0.487120 0.406579 0.019937 0.104491
0 0.541909 0.366727 0.022432 0.063639
0 0.942182 0.364755 0.017156 0.075991
0 0.971398 0.399065 0.018682 0.096444
0 0.986656 0.837116 0.026688 0.262583
0 0.373148 0.446106 0.032557 0.121139
