0 0.722214 0.281301 0.015062 0.081954
0 0.223344 0.169569 0.008448 0.037398
0 0.266737 0.170417 0.007151 0.028259
0 0.376617 0.175824 0.012703 0.041111
0 0.658385 0.181106 0.011344 0.048620
0 0.119773 0.281921 0.018380 0.088546
0 0.514284 0.828523 0.061297 0.318157
0 0.766695 0.826894 0.065891 0.305713
0 0.448643 0.359000 0.024922 0.122963
0 0.706940 0.454593 0.030453 0.151796
0 0.592341 0.839310 0.065339 0.301602
0 0.338081 0.220463 0.011661 0.061593
0 0.715893 0.229278 0.013120 0.075722
0 0.467500 0.223806 0.010573 0.056778
0 0.307883 0.199375 0.008672 0.049972
0 0.537008 0.207616 0.010151 0.061750
0 0.700036 0.216315 0.014510 0.067685
0 0.650203 0.188060 0.009448 0.048935
0 0.367974 0.204227 0.012010 0.056861
0 0.404740 0.176273 0.011906 0.040991
0 0.198367 0.185306 0.013307 0.050352
1 0.206430 0.203144 0.004224 0.008157
0 0.696117 0.190833 0.011589 0.050685
