0 0.492271 0.631097 0.045698 0.123954
0 0.087542 0.552296 0.032417 0.119870
0 0.502521 0.886347 0.067208 0.227250
0 0.757190 0.579176 0.032307 0.092222
0 0.442807 0.605213 0.039104 0.133389
0 0.890888 0.538273 0.036995 0.093287
0 0.153656 0.595949 0.026354 0.110139
0 0.663169 0.502431 0.020630 0.073787
0 0.795831 0.658375 0.029380 0.133972
0 0.371914 0.537037 0.022880 0.094259
0 0.724711 0.714639 0.037828 0.181130
0 0.787268 0.831287 0.058839 0.188833
1 0.516216 0.520829 0.007620 0.011731
0 0.425693 0.434944 0.022198 0.048593
