0 0.515284 0.931370 0.077974 0.133519
0 0.013846 0.475069 0.027693 0.136694
0 0.487107 0.314486 0.013047 0.066472
0 0.423852 0.324181 0.014109 0.055861
0 0.777706 0.512903 0.042922 0.118250
0 0.685893 0.399764 0.021047 0.094306
0 0.983573 0.687509 0.032792 0.188630
0 0.345266 0.251097 0.009385 0.042602
0 0.624211 0.634065 0.053828 0.197333
1 0.734021 0.555611 0.014656 0.022222
0 0.518333 0.375245 0.019188 0.102009
0 0.860214 0.422301 0.020062 0.112083
0 0.088167 0.346264 0.017104 0.082694
0 0.319687 0.532639 0.034406 0.170593
0 0.338523 0.413106 0.018859 0.116954
0 0.162901 0.414889 0.033844 0.115519
0 0.227320 0.309852 0.010693 0.062519
0 0.458479 0.661019 0.041635 0.211593
0 0.446109 0.386032 0.019354 0.102731
0 0.628159 0.291644 0.015297 0.053139
