0 0.808391 0.470361 0.017979 0.084778
0 0.982250 0.473065 0.021771 0.081519
0 0.705721 0.534171 0.026141 0.131769
0 0.623870 0.568199 0.029615 0.131769
0 0.876341 0.556477 0.025411 0.132380
0 0.729674 0.563009 0.027047 0.147907
0 0.136971 0.556500 0.030786 0.137352
0 0.516854 0.459032 0.027208 0.096731
0 0.597664 0.496194 0.026005 0.113926
0 0.368661 0.520583 0.033365 0.126352
0 0.995622 0.493681 0.008755 0.111231
0 0.400896 0.435972 0.019875 0.083426
1 0.501469 0.538324 0.011406 0.020278
0 0.354138 0.490273 0.016109 0.120194
