0 0.762594 0.646630 0.051094 0.170778
0 0.658740 0.481667 0.027021 0.100111
0 0.481586 0.420625 0.014203 0.070991
0 0.508271 0.422764 0.016531 0.076028
0 0.319359 0.453255 0.022552 0.086657
0 0.677539 0.396894 0.015693 0.063602
0 0.091633 0.430523 0.017953 0.069435
0 0.969938 0.396477 0.017042 0.051769
0 0.407672 0.394481 0.019292 0.056981
0 0.014781 0.892157 0.029167 0.197574
1 0.167367 0.476542 0.008120 0.011565
0 0.262583 0.375704 0.013000 0.050370
0 0.966427 0.461852 0.024052 0.101593
0 0.360284 0.459227 0.023359 0.084306
0 0.747109 0.502542 0.027031 0.112639
0 0.897536 0.449023 0.019865 0.096843
0 0.727617 0.385356 0.015339 0.062028
