0 0.819531 0.487037 0.021354 0.077778
0 0.067943 0.534306 0.039115 0.099907
0 0.353646 0.584259 0.023958 0.088889
0 0.430729 0.419444 0.019792 0.070370
0 0.366927 0.486574 0.023438 0.080556
0 0.656510 0.465741 0.025521 0.083333
0 0.792448 0.706481 0.019271 0.118519
0 0.193750 0.559722 0.020833 0.099074
0 0.151823 0.467130 0.020313 0.087963
0 0.271094 0.491204 0.023438 0.082407
0 0.386357 0.398995 0.017891 0.087472
0 0.046964 0.469565 0.025719 0.089463
0 0.243750 0.512500 0.021875 0.075000
0 0.661458 0.687037 0.046875 0.120370
0 0.673438 0.526852 0.034375 0.090741
0 0.321094 0.576852 0.023438 0.105556
