0 0.233594 0.710185 0.028646 0.092593
0 0.503125 0.479630 0.011458 0.066667
0 0.952005 0.798750 0.018906 0.110463
0 0.572552 0.628657 0.026771 0.092685
0 0.554427 0.526204 0.011979 0.067222
0 0.225625 0.396204 0.014792 0.042778
0 0.840508 0.387532 0.015359 0.045861
0 0.576419 0.571157 0.021839 0.055463
0 0.384102 0.444319 0.019411 0.061361
0 0.240365 0.581481 0.018229 0.081481
0 0.156250 0.793519 0.031250 0.094444
0 0.770833 0.474537 0.014583 0.056481
0 0.382552 0.589815 0.015104 0.077778
0 0.795312 0.474537 0.013542 0.052778
0 0.810417 0.528704 0.014583 0.064815
0 0.497656 0.663889 0.015104 0.088889
0 0.176302 0.509722 0.015104 0.060185
0 0.521615 0.546759 0.016146 0.062037
0 0.834896 0.539352 0.014583 0.075000
0 0.103906 0.660185 0.016146 0.087037
0 0.870573 0.573148 0.018229 0.072222
0 0.699219 0.406481 0.013021 0.044444
