0 0.521094 0.458796 0.030729 0.104630
0 0.516927 0.460648 0.021354 0.099074
0 0.376042 0.503241 0.025000 0.113889
1 0.659831 0.602699 0.008161 0.016620
0 0.470982 0.501296 0.014339 0.113037
0 0.367969 0.499074 0.017188 0.116667
0 0.484977 0.497417 0.015026 0.111926
0 0.494328 0.495755 0.011281 0.110824
0 0.267188 0.462037 0.028125 0.066667
0 0.635156 0.591204 0.022396 0.112037
0 0.879687 0.317593 0.017708 0.081481
0 0.530469 0.455556 0.014063 0.096296
0 0.369792 0.502315 0.029167 0.119444
0 0.410677 0.492130 0.021354 0.113889
0 0.545833 0.615278 0.026042 0.123148
0 0.572396 0.451389 0.019792 0.099074
0 0.735417 0.565278 0.021875 0.123148
0 0.441927 0.482870 0.021354 0.106481
