0 0.579529 0.405949 0.037089 0.056620
0 0.557857 0.393954 0.020932 0.050963
0 0.505750 0.384611 0.027760 0.059944
0 0.175521 0.490278 0.019792 0.069444
0 0.949219 0.426852 0.020313 0.087037
0 0.373177 0.438426 0.020313 0.080556
0 0.466406 0.438889 0.019271 0.079630
0 0.738021 0.464352 0.022917 0.073148
0 0.667188 0.398148 0.015625 0.064815
0 0.557813 0.355694 0.016667 0.024352
0 0.684115 0.464815 0.021354 0.075926
0 0.160156 0.543056 0.019271 0.086111
0 0.479583 0.495046 0.024167 0.074537
0 0.203906 0.741204 0.027604 0.128704
0 0.263542 0.677778 0.027083 0.124074
0 0.948698 0.513426 0.019271 0.087963
0 0.508594 0.536574 0.025521 0.093519
0 0.226042 0.489815 0.026042 0.090741
0 0.189047 0.546380 0.020833 0.089815
0 0.371354 0.353972 0.018229 0.058333
0 0.425781 0.490741 0.022396 0.085185
