0 0.628646 0.488426 0.018750 0.076852
0 0.220833 0.646759 0.027083 0.089815
0 0.525000 0.443056 0.017708 0.069444
0 0.302604 0.333333 0.017708 0.059259
0 0.735677 0.328241 0.014063 0.049074
0 0.347396 0.399074 0.016667 0.062963
0 0.209896 0.417130 0.017708 0.065741
0 0.785937 0.445833 0.020833 0.071296
0 0.698698 0.309259 0.011979 0.046296
0 0.219271 0.396759 0.015625 0.100926
0 0.505208 0.379630 0.013542 0.059259
0 0.339219 0.251389 0.009062 0.039815
0 0.715263 0.379333 0.011880 0.051259
0 0.586542 0.409991 0.015583 0.070722
0 0.338549 0.437236 0.015099 0.073546
0 0.381510 0.467593 0.022396 0.087037
0 0.207552 0.581481 0.025521 0.090741
0 0.455469 0.576852 0.018229 0.090741
0 0.153646 0.430556 0.018750 0.068519
0 0.586979 0.657407 0.027083 0.092593
0 0.451042 0.366667 0.012500 0.053704
0 0.723672 0.400741 0.015156 0.065185
1 0.523898 0.903014 0.010974 0.017954
