1 0.542771 0.568819 0.007656 0.017898
0 0.395146 0.550852 0.045438 0.047667
0 0.623958 0.881019 0.054167 0.125000
0 0.023177 0.622685 0.021354 0.086111
0 0.321615 0.535648 0.022396 0.080556
0 0.132031 0.610648 0.016146 0.099074
0 0.916406 0.569444 0.016146 0.096296
0 0.510938 0.597685 0.021875 0.091667
0 0.481250 0.447222 0.014583 0.072222
0 0.550000 0.536111 0.025000 0.079630
0 0.363802 0.531019 0.026562 0.052778
0 0.637760 0.489815 0.016146 0.064815
0 0.877083 0.621296 0.031250 0.075926
0 0.605469 0.535185 0.030729 0.072222
0 0.823958 0.932870 0.042708 0.134259
0 0.484115 0.570370 0.019271 0.083333
0 0.270573 0.414352 0.014063 0.056481
0 0.225964 0.533519 0.021719 0.086667
0 0.761906 0.629037 0.019792 0.102778
0 0.237203 0.513944 0.013990 0.085315
0 0.225255 0.481824 0.014177 0.045241
