0 0.794792 0.519444 0.018750 0.090741
0 0.190365 0.558333 0.018229 0.101852
0 0.394271 0.654167 0.026042 0.112037
0 0.284115 0.505093 0.016146 0.089815
0 0.512240 0.667130 0.023438 0.115741
0 0.469010 0.566667 0.022396 0.098148
0 0.713021 0.404630 0.016667 0.059259
0 0.614115 0.366806 0.012604 0.063056
0 0.566833 0.469727 0.023979 0.076843
0 0.650573 0.384259 0.018646 0.062963
0 0.538490 0.482778 0.039063 0.087778
0 0.629539 0.379671 0.020839 0.038509
0 0.071969 0.479227 0.013062 0.086120
0 0.623081 0.412042 0.025016 0.057343
1 0.672529 0.441148 0.004703 0.010481
0 0.631771 0.473884 0.015625 0.079269
0 0.571615 0.396296 0.018229 0.066667
0 0.675260 0.411574 0.017188 0.067593
0 0.139583 0.561574 0.017708 0.097222
0 0.371615 0.531481 0.019271 0.096296
