0 0.671875 0.538889 0.015625 0.088889
0 0.709896 0.562963 0.019792 0.085185
0 0.440625 0.673611 0.020833 0.113889
0 0.614583 0.625463 0.019792 0.095370
0 0.975521 0.587037 0.026042 0.100000
0 0.208854 0.475000 0.018750 0.083333
0 0.786198 0.585648 0.020313 0.093519
0 0.619792 0.449074 0.017708 0.072222
0 0.218229 0.760648 0.022917 0.123148
0 0.491406 0.618981 0.022396 0.095370
0 0.574740 0.527778 0.015104 0.075926
0 0.814583 0.416667 0.013542 0.062963
0 0.183854 0.538426 0.027083 0.080556
0 0.727604 0.470833 0.013542 0.069444
0 0.424479 0.463889 0.014583 0.077778
1 0.219966 0.521069 0.005214 0.011583
0 0.743516 0.379074 0.010469 0.048889
0 0.233802 0.376944 0.015729 0.055370
0 0.984948 0.575019 0.015833 0.094593
