0 0.441927 0.333333 0.016146 0.075926
0 0.439583 0.480093 0.022917 0.093519
0 0.375260 0.371759 0.016146 0.078704
0 0.985156 0.374074 0.016146 0.072222
0 0.559115 0.405093 0.016146 0.054630
0 0.395313 0.356481 0.016667 0.079630
0 0.357031 0.448148 0.022396 0.077778
0 0.236458 0.593981 0.018750 0.097222
0 0.177242 0.313708 0.020130 0.075546
1 0.185294 0.854449 0.013422 0.019880
0 0.304167 0.432870 0.019792 0.084259
0 0.458594 0.409722 0.017188 0.080556
0 0.515885 0.556019 0.027604 0.093519
0 0.703906 0.469907 0.026562 0.097222
0 0.840365 0.340278 0.017188 0.073148
0 0.441927 0.652315 0.022396 0.123148
0 0.679427 0.220648 0.010937 0.047593
0 0.261224 0.469769 0.030677 0.090093
0 0.252109 0.405741 0.016719 0.061481
0 0.586719 0.525000 0.019271 0.100000
