0 0.284375 0.461111 0.016667 0.068519
0 0.865885 0.547685 0.019271 0.097222
0 0.614583 0.681481 0.028125 0.120370
0 0.448437 0.569907 0.020833 0.089815
0 0.656510 0.473148 0.016146 0.077778
0 0.674740 0.515278 0.023438 0.075000
0 0.192448 0.665741 0.030729 0.116667
0 0.921875 0.475463 0.023958 0.080556
0 0.110417 0.573611 0.017708 0.091667
0 0.478258 0.418468 0.020047 0.050639
0 0.473661 0.448907 0.020885 0.061037
0 0.234115 0.407870 0.015104 0.052778
0 0.350260 0.539815 0.020313 0.081481
0 0.458594 0.459259 0.017188 0.068519
0 0.004687 0.728704 0.009375 0.081481
0 0.171615 0.491204 0.017188 0.082407
1 0.532969 0.443708 0.004177 0.012028
0 0.313021 0.459722 0.019792 0.075000
0 0.522529 0.417722 0.018380 0.058056
0 0.398068 0.515065 0.021719 0.083167
0 0.552083 0.565278 0.025000 0.100926
