0 0.442188 0.403704 0.025000 0.061111
0 0.525443 0.407037 0.025885 0.076667
0 0.372135 0.498148 0.021354 0.081481
0 0.865104 0.457870 0.021875 0.086111
0 0.747656 0.575463 0.030729 0.106481
0 0.791927 0.569907 0.028646 0.091667
0 0.076042 0.491667 0.020833 0.088889
0 0.371120 0.388194 0.021406 0.066204
0 0.590885 0.562037 0.023438 0.096296
0 0.254948 0.677315 0.023438 0.125000
0 0.678906 0.770370 0.025521 0.138889
0 0.580729 0.388889 0.015625 0.061111
0 0.306510 0.387037 0.014063 0.074074
1 0.711789 0.418079 0.005266 0.012028
0 0.436979 0.636574 0.031250 0.104630
0 0.804948 0.902778 0.033854 0.159259
0 0.331510 0.413889 0.020313 0.072222
