0 0.451562 0.381019 0.020833 0.106481
0 0.521094 0.639352 0.039062 0.143519
0 0.073698 0.345370 0.021354 0.103704
0 0.361458 0.329630 0.019792 0.101852
0 0.200000 0.358796 0.022917 0.102778
0 0.121354 0.274074 0.018750 0.092593
0 0.242708 0.293056 0.016667 0.091667
0 0.221094 0.296296 0.018229 0.094444
1 0.707812 0.876389 0.013542 0.023148
0 0.476628 0.251843 0.023474 0.093704
0 0.302479 0.298056 0.016646 0.085537
0 0.037240 0.438889 0.027604 0.114815
0 0.292057 0.300463 0.017448 0.091667
0 0.173177 0.543056 0.032813 0.132407
0 0.603906 0.719444 0.046354 0.148148
