0 0.373029 0.427958 0.027849 0.058806
0 0.552344 0.616667 0.017188 0.064815
0 0.761719 0.513889 0.020313 0.074074
0 0.374896 0.459074 0.018958 0.059630
0 0.271354 0.523148 0.020833 0.074074
0 0.073385 0.504630 0.015729 0.083333
0 0.059557 0.504630 0.014948 0.077778
1 0.480438 0.440028 0.005219 0.007426
0 0.713542 0.610185 0.022917 0.085185
0 0.431510 0.530556 0.017188 0.085185
0 0.221094 0.483796 0.015104 0.073148
0 0.506510 0.539352 0.017188 0.082407
0 0.630729 0.624074 0.017708 0.103704
0 0.203125 0.487500 0.014583 0.069444
0 0.469271 0.568056 0.019792 0.073148
0 0.479948 0.501389 0.017188 0.076852
0 0.572135 0.561574 0.014063 0.084259
0 0.490365 0.577315 0.020313 0.080556
0 0.277344 0.491667 0.022396 0.107407
