0 0.794792 0.410648 0.017708 0.084259
0 0.383943 0.374278 0.011979 0.075000
0 0.674479 0.345370 0.018750 0.079630
0 0.215703 0.437778 0.027969 0.082963
0 0.208542 0.507454 0.041250 0.094352
0 0.483807 0.323417 0.016667 0.063889
0 0.083854 0.320139 0.014063 0.068981
0 0.529948 0.353148 0.021354 0.067407
0 0.574219 0.417593 0.022396 0.079630
0 0.473023 0.319866 0.015516 0.061194
0 0.069271 0.579167 0.026042 0.108333
0 0.657031 0.446759 0.019271 0.093519
0 0.634115 0.456019 0.015104 0.084259
0 0.859375 0.459259 0.018750 0.090741
0 0.708854 0.533796 0.031250 0.099074
0 0.107552 0.358333 0.017188 0.075926
0 0.965365 0.711574 0.027604 0.125000
0 0.398438 0.378704 0.019792 0.075926
0 0.369401 0.391014 0.022635 0.039472
1 0.385943 0.418093 0.006969 0.011593
