1 0.563083 0.706454 0.008323 0.017759
0 0.446615 0.723333 0.018229 0.101481
0 0.802865 0.395370 0.015104 0.061111
0 0.354427 0.646296 0.021354 0.107407
0 0.871094 0.806019 0.027604 0.125000
0 0.762500 0.380556 0.015625 0.059259
0 0.850260 0.502778 0.018229 0.081481
0 0.810677 0.686111 0.022396 0.105556
0 0.529948 0.744306 0.027604 0.092870
0 0.530208 0.555093 0.018750 0.078704
0 0.760729 0.543750 0.020208 0.090278
0 0.310482 0.288250 0.012443 0.041389
0 0.464844 0.422222 0.015104 0.061111
0 0.972396 0.744444 0.021875 0.114815
0 0.525521 0.472685 0.021875 0.075000
0 0.489323 0.735648 0.029687 0.063889
0 0.745313 0.669444 0.027083 0.079630
0 0.124219 0.653241 0.033854 0.095370
0 0.172917 0.448611 0.015625 0.071296
0 0.948438 0.592593 0.025000 0.088889
0 0.459466 0.621389 0.017474 0.096111
0 0.539365 0.679083 0.032458 0.075463
0 0.763240 0.488963 0.015812 0.056222
