0 0.875000 0.325000 0.016667 0.077778
0 0.477083 0.486574 0.014583 0.104630
0 0.397031 0.500505 0.010865 0.100880
0 0.386568 0.503005 0.014885 0.108750
0 0.375503 0.505153 0.016901 0.107324
0 0.362826 0.506227 0.015693 0.112324
1 0.649672 0.607315 0.007219 0.014315
0 0.445729 0.479750 0.012479 0.088000
0 0.434060 0.497657 0.009255 0.105130
0 0.352292 0.510648 0.017083 0.113889
0 0.248958 0.466667 0.026042 0.070370
0 0.405729 0.498148 0.013542 0.107407
0 0.502344 0.469444 0.018229 0.105556
0 0.734115 0.564815 0.021354 0.122222
0 0.532292 0.468981 0.018750 0.104630
0 0.653987 0.567079 0.029328 0.113435
0 0.426271 0.497009 0.012813 0.109259
0 0.450521 0.515926 0.021875 0.107037
0 0.461417 0.485477 0.014875 0.108028
