0 0.626198 0.445000 0.031979 0.119259
0 0.295573 0.486111 0.027604 0.133333
1 0.338219 0.461667 0.013167 0.016519
0 0.326346 0.437870 0.037911 0.057370
0 0.610768 0.416060 0.026589 0.103843
0 0.908628 0.272106 0.020870 0.078657
0 0.580813 0.472222 0.039833 0.040926
0 0.636667 0.410833 0.026667 0.117222
0 0.884651 0.302681 0.020969 0.086306
0 0.800781 0.537500 0.035937 0.130556
0 0.417448 0.413889 0.023438 0.057407
0 0.501563 0.391204 0.020833 0.093519
0 0.501823 0.496296 0.024479 0.146296
0 0.721354 0.377778 0.031250 0.105556
0 0.463281 0.456481 0.028646 0.109259
0 0.518490 0.506481 0.031771 0.137037
0 0.550521 0.418519 0.023958 0.122222
0 0.417448 0.487037 0.030729 0.135185
0 0.363021 0.450926 0.029167 0.122222
0 0.202604 0.492593 0.037500 0.120370
0 0.860156 0.768981 0.041146 0.173148
