0 0.772005 0.415463 0.013281 0.073519
0 0.277865 0.560185 0.020313 0.096296
0 0.504427 0.506019 0.019271 0.080556
0 0.553070 0.566194 0.012922 0.078481
0 0.348453 0.272509 0.012052 0.041426
0 0.566250 0.571759 0.020625 0.091667
0 0.216667 0.464815 0.015625 0.085185
0 0.270313 0.694907 0.020833 0.121296
0 0.219792 0.577315 0.030208 0.095370
0 0.679167 0.536574 0.016667 0.093519
0 0.372917 0.714815 0.023958 0.105556
0 0.920052 0.569444 0.019271 0.098148
0 0.918229 0.718056 0.025000 0.121296
0 0.814323 0.410185 0.016146 0.070370
0 0.347917 0.403704 0.016667 0.075926
0 0.416146 0.413426 0.014583 0.073148
0 0.725260 0.631481 0.017188 0.105556
0 0.523958 0.551389 0.032292 0.097222
0 0.762695 0.441856 0.014068 0.075009
1 0.471945 0.534236 0.007807 0.015472
0 0.893437 0.825509 0.019167 0.115833
0 0.888542 0.476852 0.021875 0.083333
0 0.482917 0.572593 0.024792 0.082037
