0 0.068229 0.819444 0.037500 0.131481
0 0.324826 0.474005 0.012036 0.058843
0 0.434375 0.770370 0.021875 0.116667
1 0.342878 0.492194 0.004214 0.008556
0 0.305469 0.580093 0.026562 0.082407
0 0.476042 0.444444 0.013542 0.057407
0 0.369271 0.510185 0.028125 0.074074
0 0.269792 0.644907 0.040625 0.095370
0 0.680729 0.587500 0.021875 0.089815
0 0.118750 0.879167 0.031250 0.117593
0 0.568750 0.556944 0.022917 0.076852
0 0.540104 0.583796 0.025000 0.099074
0 0.619271 0.493519 0.025000 0.070370
0 0.262240 0.644907 0.027604 0.095370
0 0.332219 0.475829 0.016417 0.064806
0 0.398333 0.427361 0.022083 0.060278
0 0.032552 0.753722 0.039062 0.117593
