0 0.899740 0.647222 0.027604 0.109259
0 0.928906 0.445370 0.020313 0.074074
0 0.705990 0.433333 0.015104 0.072222
0 0.345573 0.596296 0.024479 0.105556
0 0.862760 0.685648 0.020313 0.108333
0 0.612958 0.464236 0.015625 0.077269
0 0.501016 0.408889 0.009323 0.056667
0 0.750521 0.520833 0.026042 0.086111
0 0.700781 0.554167 0.022396 0.093519
0 0.602865 0.411574 0.014063 0.060185
0 0.105469 0.381481 0.013021 0.062963
0 0.874349 0.443056 0.020052 0.023148
0 0.122917 0.490741 0.025000 0.087037
0 0.413802 0.468519 0.022396 0.075926
0 0.513617 0.423991 0.023099 0.075222
1 0.598831 0.435861 0.004141 0.005426
0 0.197917 0.594444 0.030208 0.105556
