0 0.648500 0.421750 0.020313 0.079630
0 0.642477 0.544722 0.028745 0.091630
0 0.700000 0.502083 0.029167 0.067130
0 0.442188 0.494907 0.023958 0.071296
0 0.180729 0.626389 0.033333 0.069444
0 0.474479 0.582407 0.030208 0.079630
0 0.705635 0.578519 0.025885 0.088333
1 0.425974 0.158741 0.008510 0.013778
0 0.626823 0.656944 0.028646 0.100926
0 0.597500 0.401574 0.020313 0.063704
0 0.535417 0.547685 0.034375 0.086111
0 0.969271 0.547685 0.022917 0.075000
0 0.311979 0.557870 0.039583 0.084259
0 0.172135 0.727778 0.039062 0.125926
0 0.851823 0.674537 0.023438 0.100926
0 0.441667 0.380046 0.020833 0.057500
0 0.390411 0.481213 0.027083 0.089815
0 0.382401 0.497509 0.025406 0.076222
0 0.645781 0.491620 0.014688 0.062870
