0 0.530799 0.595648 0.037151 0.163148
0 0.670789 0.281903 0.016661 0.089472
0 0.609651 0.237338 0.018271 0.078213
0 0.211526 0.223606 0.023198 0.067546
1 0.247326 0.223606 0.007432 0.011880
0 0.266562 0.180199 0.018365 0.066102
0 0.676789 0.580139 0.031130 0.160648
0 0.761982 0.210792 0.019516 0.082398
0 0.291503 0.208681 0.029182 0.064861
0 0.120654 0.509537 0.040266 0.150019
0 0.404576 0.400667 0.036245 0.125611
0 0.945164 0.234227 0.019984 0.076602
0 0.651987 0.335079 0.032036 0.102824
0 0.909664 0.351097 0.033943 0.106676
0 0.017560 0.523903 0.035120 0.113380
0 0.469495 0.213477 0.015490 0.075972
