0 0.590914 0.323731 0.025109 0.131148
1 0.242750 0.207773 0.010167 0.014491
0 0.022807 0.099681 0.019760 0.079824
0 0.653232 0.071292 0.023182 0.074861
0 0.183953 0.185569 0.019948 0.088028
0 0.759185 0.255301 0.021589 0.116250
0 0.740620 0.108347 0.019427 0.078657
0 0.396294 0.191931 0.020859 0.095491
0 0.341232 0.675292 0.040641 0.201065
0 0.674753 0.198722 0.022443 0.092556
0 0.219586 0.283954 0.031859 0.116278
0 0.948255 0.197769 0.016823 0.099278
0 0.741596 0.328875 0.023349 0.121120
0 0.338547 0.270583 0.030427 0.116019
0 0.610839 0.216708 0.026604 0.104046
0 0.817307 0.222486 0.030010 0.106843
1 0.357120 0.753153 0.010667 0.017769
