0 0.957359 0.386829 0.017333 0.087954
0 0.323180 0.400750 0.028026 0.027574
0 0.400604 0.362153 0.017260 0.094343
0 0.607518 0.369606 0.016036 0.085546
0 0.145313 0.460120 0.018917 0.111370
0 0.735701 0.377296 0.019630 0.086796
0 0.528674 0.940653 0.057328 0.118120
0 0.288404 0.322894 0.016776 0.080991
0 0.353836 0.417060 0.028016 0.050472
1 0.283633 0.358593 0.007255 0.011648
1 0.133055 0.338931 0.007995 0.012731
0 0.295734 0.553583 0.030031 0.126611
0 0.533026 0.519102 0.022885 0.122778
0 0.886161 0.530060 0.030281 0.125435
0 0.133427 0.523722 0.026490 0.129630
0 0.756047 0.436051 0.031740 0.103787
