0 0.727560 0.140417 0.041922 0.122093
0 0.655708 0.100157 0.028708 0.108519
0 0.618490 0.688370 0.084594 0.184222
0 0.439393 0.230542 0.025130 0.130417
0 0.876440 0.195806 0.029391 0.126056
0 0.853828 0.194792 0.030937 0.125898
0 0.186331 0.032028 0.013276 0.046389
0 0.229784 0.018102 0.024859 0.036204
0 0.264932 0.143231 0.033396 0.084426
1 0.685344 0.757880 0.029104 0.034259
0 0.601005 0.076630 0.029750 0.095889
0 0.529424 0.522546 0.046755 0.183796
0 0.430271 0.130102 0.021594 0.106056
0 0.313391 0.199718 0.024594 0.122398
0 0.836375 0.332778 0.046219 0.135130
0 0.660852 0.267315 0.024859 0.129333
