0 0.219224 0.734630 0.025260 0.159444
0 0.057695 0.464023 0.022193 0.111343
1 0.629089 0.703667 0.010302 0.019370
0 0.163854 0.223792 0.012156 0.058991
0 0.314602 0.452870 0.038151 0.111741
0 0.639758 0.735662 0.026068 0.165528
0 0.886953 0.230491 0.014667 0.071074
0 0.330932 0.569639 0.026760 0.129611
0 0.806841 0.556954 0.024359 0.130611
0 0.366901 0.458458 0.021396 0.108769
0 0.568781 0.293079 0.017917 0.082102
0 0.680005 0.416639 0.020167 0.103926
0 0.744128 0.466551 0.024443 0.117750
0 0.079422 0.363185 0.019646 0.086074
