0 0.281977 0.387162 0.016370 0.081639
0 0.231477 0.894944 0.041026 0.177759
0 0.480052 0.550477 0.018219 0.110213
0 0.411698 0.451986 0.018698 0.101880
0 0.450826 0.453792 0.021047 0.106750
0 0.395029 0.337565 0.016766 0.072833
0 0.717339 0.703616 0.028646 0.139157
0 0.121831 0.366259 0.020047 0.077481
0 0.655010 0.365014 0.017052 0.085824
0 0.015331 0.382347 0.023964 0.068435
0 0.222271 0.460819 0.020375 0.102139
1 0.372742 0.372889 0.007526 0.012648
1 0.883284 0.372245 0.006036 0.011546
0 0.176010 0.417523 0.023677 0.091398
