0 0.687984 0.280593 0.034917 0.090926
0 0.834807 0.421657 0.026167 0.137389
0 0.537271 0.262644 0.018958 0.095176
0 0.466349 0.722472 0.042406 0.194556
0 0.928924 0.344861 0.024307 0.125111
0 0.568443 0.211662 0.021031 0.085861
0 0.737659 0.482375 0.042391 0.143491
0 0.418372 0.190801 0.018859 0.080157
0 0.474516 0.383843 0.031917 0.116537
0 0.506542 0.398671 0.031510 0.127769
0 0.810411 0.390231 0.031021 0.137630
0 0.178505 0.358838 0.033417 0.109639
0 0.342539 0.306088 0.031318 0.095824
0 0.190125 0.301676 0.021021 0.107037
0 0.487833 0.353148 0.025250 0.115463
0 0.815651 0.324130 0.024865 0.041926
1 0.354099 0.327042 0.009458 0.014694
