0 0.632326 0.259894 0.025953 0.090935
0 0.820753 0.215037 0.032734 0.073426
0 0.808445 0.322208 0.025266 0.092602
0 0.094779 0.299884 0.023911 0.116324
0 0.869646 0.232606 0.029208 0.076306
0 0.806852 0.405171 0.030203 0.124231
0 0.410260 0.279875 0.013198 0.102731
1 0.027729 0.170815 0.007302 0.012889
0 0.492706 0.291968 0.026005 0.104491
0 0.297891 0.255787 0.031115 0.089778
0 0.381505 0.338866 0.036208 0.124046
0 0.598643 0.337139 0.030266 0.119944
0 0.272208 0.249894 0.026729 0.090509
0 0.077148 0.381361 0.026078 0.126870
0 0.402971 0.277644 0.023641 0.119509
1 0.663154 0.291370 0.010203 0.016870
0 0.605807 0.258875 0.043021 0.086009
0 0.223570 0.172644 0.021911 0.082213
0 0.098768 0.245171 0.021141 0.040324
