0 0.042964 0.274324 0.019625 0.090685
0 0.225599 0.534051 0.027312 0.144083
0 0.539911 0.268199 0.022844 0.092472
0 0.647484 0.256079 0.014979 0.079435
0 0.437172 0.282944 0.023885 0.093093
0 0.395500 0.403884 0.024365 0.116417
0 0.495292 0.221356 0.022719 0.035491
0 0.960940 0.239523 0.015307 0.083306
0 0.515638 0.213657 0.017630 0.084037
1 0.463164 0.188546 0.009245 0.014019
0 0.733315 0.204759 0.016974 0.065037
0 0.712346 0.191704 0.015828 0.069444
0 0.434995 0.214269 0.016990 0.065278
0 0.260964 0.204241 0.015573 0.072407
0 0.320865 0.222130 0.019813 0.071389
0 0.121161 0.252556 0.015594 0.083852
0 0.670057 0.251477 0.023312 0.076843
