0 0.470646 0.517657 0.089531 0.112870
0 0.803031 0.336148 0.042240 0.208426
0 0.660227 0.082338 0.024057 0.147417
0 0.375602 0.457097 0.052807 0.231102
0 0.923260 0.275023 0.035802 0.207972
0 0.620909 0.294028 0.037474 0.194259
1 0.430536 0.543222 0.019031 0.033833
0 0.298685 0.161106 0.053620 0.114917
0 0.096724 0.196269 0.051854 0.162815
0 0.302229 0.050181 0.020531 0.030824
0 0.834492 0.200588 0.046568 0.185176
0 0.542883 0.191111 0.042068 0.173148
0 0.558010 0.438454 0.050365 0.216315
0 0.680370 0.117514 0.030813 0.153528
