0 0.845065 0.570162 0.029141 0.137102
0 0.543714 0.425435 0.028833 0.114315
1 0.532372 0.475153 0.007776 0.015620
0 0.557719 0.650120 0.037385 0.157130
0 0.670828 0.429477 0.023021 0.120583
0 0.527898 0.769583 0.048078 0.185074
0 0.188794 0.434995 0.018630 0.109435
0 0.463195 0.274574 0.016109 0.075222
0 0.558438 0.521639 0.030948 0.141389
0 0.151120 0.252093 0.019115 0.075185
0 0.488641 0.468644 0.024927 0.113972
0 0.228380 0.497727 0.027146 0.129880
0 0.423112 0.365370 0.018464 0.100685
0 0.612237 0.372222 0.021964 0.101222
0 0.448742 0.377083 0.022651 0.097167
0 0.526464 0.363273 0.023979 0.096713
