0 0.153802 0.379278 0.018865 0.128574
0 0.792049 0.321870 0.019057 0.116167
0 0.643023 0.270389 0.016557 0.112630
0 0.860622 0.293699 0.022714 0.126306
1 0.430107 0.600556 0.016339 0.024889
0 0.784854 0.273093 0.022146 0.098222
0 0.787365 0.222519 0.022156 0.032907
0 0.654344 0.268968 0.012375 0.111509
0 0.705714 0.383611 0.027396 0.126259
0 0.893120 0.323560 0.025198 0.121083
0 0.925779 0.305625 0.027797 0.122380
0 0.749427 0.263523 0.018552 0.105898
0 0.670836 0.272120 0.021078 0.106296
0 0.280034 0.559088 0.032078 0.165565
0 0.618448 0.272102 0.018875 0.110315
0 0.760956 0.470736 0.025005 0.144491
0 0.726479 0.266366 0.020385 0.104028
0 0.842182 0.298708 0.024458 0.123028
