0 0.974758 0.324713 0.033432 0.118130
0 0.938437 0.400861 0.043469 0.136222
0 0.954367 0.138269 0.025682 0.101704
0 0.501115 0.507713 0.046375 0.121463
0 0.365000 0.309032 0.035969 0.126491
0 0.907391 0.327731 0.028323 0.110352
1 0.634201 0.596449 0.019797 0.028065
0 0.996320 0.140032 0.007359 0.100213
0 0.726250 0.160079 0.033042 0.099120
0 0.272424 0.427306 0.036651 0.146370
0 0.822029 0.246139 0.030245 0.120611
0 0.661159 0.222398 0.027755 0.111574
0 0.026987 0.527088 0.052661 0.182139
0 0.473203 0.243454 0.029885 0.110352
0 0.716169 0.231986 0.028964 0.111157
0 0.782268 0.119662 0.018526 0.079176
0 0.807893 0.100333 0.019807 0.074074
