0 0.346141 0.435111 0.016156 0.065815
0 0.172992 0.415509 0.025880 0.097593
0 0.220115 0.487407 0.030219 0.099926
0 0.339099 0.446898 0.015240 0.062130
0 0.334440 0.517597 0.021078 0.105972
0 0.481914 0.403810 0.021151 0.074435
0 0.503393 0.421667 0.021536 0.090630
0 0.843352 0.615736 0.047005 0.128824
0 0.396924 0.414167 0.019328 0.093352
0 0.461638 0.393537 0.016964 0.086093
0 0.625234 0.438412 0.022177 0.095157
0 0.257987 0.452329 0.026380 0.092657
0 0.596570 0.396426 0.021526 0.094963
0 0.484466 0.476806 0.031099 0.105185
0 0.580542 0.454218 0.020688 0.098602
1 0.589182 0.378889 0.006135 0.010722
0 0.399820 0.344403 0.015734 0.064954
0 0.634164 0.386792 0.019505 0.076602
0 0.210232 0.401347 0.019932 0.082991
0 0.417625 0.464440 0.027073 0.110676
