0 0.563354 0.318440 0.018854 0.091546
0 0.699544 0.460199 0.025536 0.109454
0 0.413669 0.466639 0.021401 0.123500
0 0.175630 0.430213 0.024656 0.117796
0 0.851297 0.387782 0.023021 0.116713
0 0.641302 0.322319 0.019937 0.096120
0 0.681862 0.413736 0.017776 0.106176
0 0.632534 0.285403 0.022745 0.088417
1 0.516375 0.627315 0.011479 0.019759
0 0.504708 0.567426 0.027490 0.140759
0 0.475917 0.391005 0.026437 0.110157
0 0.491198 0.310856 0.017844 0.090620
0 0.474859 0.609227 0.035510 0.074528
0 0.675510 0.304907 0.022302 0.102222
0 0.381227 0.452088 0.036391 0.124954
0 0.746023 0.492856 0.024349 0.130731
0 0.574654 0.430153 0.025120 0.118398
0 0.557562 0.554931 0.029115 0.132120
0 0.767380 0.368894 0.020479 0.103306
