0 0.282383 0.241171 0.021536 0.097157
0 0.404464 0.181394 0.014667 0.066898
0 0.242320 0.346213 0.029391 0.110815
0 0.186716 0.282796 0.023891 0.102352
0 0.373378 0.332708 0.034276 0.106250
0 0.681174 0.243690 0.028703 0.095972
0 0.880891 0.340389 0.018802 0.106870
0 0.731708 0.246764 0.021292 0.097250
0 0.564339 0.460995 0.041104 0.138806
0 0.379247 0.232616 0.033328 0.094620
0 0.580901 0.197593 0.015542 0.077241
0 0.902258 0.292384 0.022401 0.098731
0 0.428714 0.197111 0.020698 0.083778
0 0.974393 0.206366 0.021589 0.082861
0 0.957490 0.211144 0.016354 0.084417
0 0.395724 0.173944 0.017615 0.080556
0 0.445130 0.168769 0.021219 0.074463
1 0.467516 0.200694 0.008688 0.010259
