0 0.328555 0.790491 0.041859 0.154704
0 0.595411 0.628269 0.022896 0.119481
0 0.587812 0.551412 0.030979 0.107546
0 0.897008 0.363213 0.017776 0.061296
1 0.638357 0.495514 0.006901 0.015157
0 0.465044 0.558898 0.025661 0.097222
0 0.186625 0.598856 0.022375 0.119935
0 0.612294 0.443384 0.022224 0.084694
0 0.774349 0.731310 0.041979 0.148176
0 0.841393 0.516759 0.026120 0.089574
0 0.478784 0.497852 0.017880 0.110315
0 0.415112 0.422972 0.015839 0.078296
0 0.435693 0.525745 0.028219 0.111806
0 0.227932 0.545417 0.022188 0.114648
0 0.740667 0.598037 0.035240 0.119667
0 0.708492 0.673023 0.036859 0.129250
0 0.247685 0.615185 0.028609 0.113796
0 0.337187 0.512856 0.029396 0.112694
0 0.522258 0.481796 0.022682 0.105019
0 0.400750 0.475847 0.019917 0.105750
