0 0.751682 0.398111 0.020281 0.097500
0 0.888068 0.477431 0.025083 0.125935
0 0.952047 0.424181 0.021896 0.094324
0 0.905487 0.464574 0.023349 0.127185
0 0.830268 0.409046 0.021880 0.086685
0 0.888242 0.405810 0.016589 0.055009
0 0.943281 0.489685 0.035188 0.120222
0 0.633156 0.457458 0.022760 0.112528
0 0.037451 0.586176 0.040839 0.162833
0 0.695922 0.445231 0.028604 0.118204
0 0.344784 0.458440 0.027661 0.109565
0 0.199680 0.471352 0.031484 0.109167
0 0.325224 0.504421 0.031094 0.130676
0 0.217312 0.537000 0.047844 0.133833
0 0.969227 0.457287 0.026016 0.120259
0 0.772016 0.473972 0.025875 0.116407
