0 0.340932 0.375662 0.015625 0.061620
0 0.018766 0.477514 0.015833 0.074713
0 0.495615 0.375204 0.011760 0.058704
0 0.044867 0.469162 0.017380 0.085491
0 0.465867 0.464245 0.022932 0.083861
0 0.433667 0.447611 0.013562 0.078574
0 0.368724 0.465343 0.015240 0.082167
0 0.146573 0.444556 0.015375 0.077296
0 0.415682 0.405259 0.012719 0.064537
0 0.321201 0.444417 0.019547 0.070704
0 0.639961 0.410931 0.013307 0.067620
0 0.241081 0.398977 0.012984 0.065917
0 0.255630 0.413440 0.015688 0.077324
0 0.770023 0.410394 0.015922 0.070083
0 0.300893 0.440898 0.017224 0.069889
0 0.457755 0.405370 0.012500 0.058019
0 0.310185 0.394852 0.012745 0.055259
0 0.302643 0.394657 0.009589 0.039685
