0 0.154568 0.448838 0.014333 0.064213
0 0.234763 0.438708 0.013891 0.069620
0 0.286266 0.429898 0.010990 0.063963
0 0.312201 0.427630 0.014995 0.067148
0 0.361789 0.420944 0.015995 0.067852
0 0.382573 0.432167 0.015146 0.066963
1 0.945945 0.534662 0.010057 0.017972
0 0.110208 0.439944 0.010812 0.071981
0 0.193568 0.437343 0.010927 0.068870
0 0.144948 0.439208 0.012292 0.068157
0 0.206810 0.437759 0.010266 0.067852
0 0.214182 0.443069 0.010323 0.064083
0 0.223201 0.437333 0.009797 0.070296
0 0.178727 0.422523 0.011141 0.032991
0 0.177255 0.464083 0.014635 0.071852
0 0.082596 0.460338 0.012797 0.068306
0 0.116271 0.467005 0.016625 0.069917
0 0.027000 0.460648 0.015823 0.070704
0 0.969221 0.513380 0.018922 0.085259
0 0.276323 0.429968 0.011156 0.062620
