0 0.791344 0.399028 0.017333 0.083833
0 0.739214 0.353898 0.019906 0.074741
1 0.254159 0.383491 0.007745 0.013130
0 0.488224 0.384435 0.019281 0.085037
0 0.005820 0.335042 0.011464 0.060583
0 0.934898 0.357000 0.012703 0.032407
0 0.811182 0.525870 0.024708 0.110963
0 0.769177 0.470102 0.019250 0.101426
0 0.112792 0.744148 0.032719 0.158944
0 0.447495 0.438514 0.020125 0.094731
0 0.165823 0.744347 0.030281 0.173472
0 0.712654 0.395194 0.015026 0.093593
0 0.432698 0.488190 0.018750 0.107306
0 0.933240 0.405329 0.020771 0.085213
0 0.071646 0.366579 0.014385 0.081602
0 0.344659 0.484852 0.022109 0.099019
0 0.343477 0.423051 0.020214 0.051157
0 0.787234 0.442167 0.016115 0.094611
