0 0.560018 0.422602 0.036161 0.046185
0 0.006669 0.382676 0.013276 0.093315
0 0.163141 0.778532 0.036188 0.176713
0 0.332948 0.337917 0.016583 0.084852
0 0.804526 0.413815 0.018583 0.093241
0 0.513641 0.537194 0.023208 0.118167
0 0.154021 0.517662 0.032302 0.120750
1 0.129042 0.457398 0.008896 0.014056
0 0.968677 0.381056 0.019854 0.080204
0 0.965049 0.325810 0.017505 0.058843
0 0.416385 0.340810 0.014698 0.081991
0 0.977664 0.448116 0.023151 0.112824
0 0.670440 0.456148 0.019828 0.097963
0 0.081214 0.293435 0.012990 0.068093
0 0.684112 0.403819 0.018932 0.064398
0 0.426607 0.368417 0.017526 0.087574
0 0.152924 0.416741 0.021589 0.098611
0 0.693487 0.475218 0.018922 0.109231
