0 0.503826 0.528083 0.030349 0.156815
1 0.825453 0.343134 0.007042 0.013343
0 0.056630 0.473009 0.020750 0.096907
0 0.072380 0.537505 0.034302 0.157120
0 0.826557 0.356542 0.018396 0.105213
0 0.926242 0.507380 0.040745 0.153019
0 0.005789 0.564829 0.011578 0.151343
0 0.011716 0.506370 0.022911 0.095481
0 0.864247 0.468310 0.033609 0.128509
0 0.150711 0.490773 0.022036 0.133769
0 0.173339 0.480991 0.029021 0.145000
0 0.337784 0.541481 0.033891 0.167944
0 0.037375 0.556630 0.028615 0.164759
0 0.651099 0.456657 0.025250 0.131130
0 0.460518 0.497412 0.022151 0.138139
0 0.405458 0.492676 0.026062 0.134593
0 0.237674 0.446546 0.032057 0.084685
0 0.237346 0.547278 0.031922 0.160315
0 0.622333 0.369255 0.021656 0.098417
