0 0.452771 0.474949 0.012948 0.057046
0 0.392581 0.504954 0.011797 0.060185
0 0.477789 0.474486 0.009130 0.050787
0 0.295154 0.507167 0.011661 0.057815
0 0.788687 0.519676 0.017688 0.059926
0 0.951872 0.533000 0.016266 0.063093
1 0.862810 0.534685 0.005693 0.009444
0 0.449318 0.536037 0.014198 0.065685
0 0.179823 0.565505 0.014875 0.074157
0 0.640143 0.488551 0.016151 0.053861
0 0.224870 0.567324 0.017208 0.078648
0 0.270148 0.490639 0.011682 0.055074
0 0.525453 0.462356 0.010875 0.049102
0 0.364487 0.467338 0.009234 0.050287
0 0.370240 0.465593 0.008229 0.049093
0 0.486492 0.512648 0.012245 0.059000
0 0.552865 0.492921 0.010937 0.056898
0 0.350201 0.501963 0.011151 0.056278
0 0.615477 0.467042 0.011880 0.042583
0 0.417044 0.467375 0.010214 0.046824
0 0.140776 0.498023 0.013417 0.056750
0 0.380253 0.531046 0.019911 0.054981
