0 0.269021 0.361412 0.014406 0.069380
0 0.951487 0.380782 0.016255 0.073528
0 0.535878 0.411190 0.013849 0.076454
0 0.905674 0.759926 0.029974 0.152500
0 0.747487 0.459194 0.019661 0.082833
0 0.419099 0.255009 0.013146 0.045019
1 0.245073 0.438380 0.008052 0.013648
0 0.506258 0.277648 0.011547 0.050796
0 0.647758 0.308440 0.010495 0.051380
0 0.883102 0.302625 0.012568 0.054528
0 0.937826 0.331231 0.013495 0.055148
0 0.227469 0.539088 0.027490 0.065509
0 0.912956 0.322556 0.011349 0.055574
0 0.889344 0.429769 0.016917 0.077537
0 0.682578 0.365463 0.013427 0.067241
0 0.409526 0.417806 0.023073 0.079463
0 0.795654 0.375741 0.015422 0.065870
0 0.266799 0.936472 0.025870 0.126556
0 0.475706 0.448579 0.020599 0.081991
