0 0.308018 0.481412 0.019474 0.080065
0 0.481581 0.410801 0.016703 0.069880
0 0.691669 0.864843 0.039714 0.200296
0 0.406734 0.338375 0.012031 0.044824
0 0.846029 0.447458 0.021120 0.083769
0 0.117419 0.547491 0.032682 0.112259
0 0.732964 0.588954 0.032521 0.112185
0 0.593297 0.494935 0.022740 0.096556
1 0.124810 0.597639 0.009307 0.014148
0 0.946701 0.530523 0.029880 0.104231
0 0.635451 0.415162 0.016651 0.075065
0 0.531604 0.494843 0.019604 0.094519
0 0.939987 0.428898 0.016786 0.079870
0 0.892573 0.350222 0.014094 0.050759
0 0.761318 0.433407 0.017313 0.077500
0 0.594503 0.373463 0.013193 0.057833
0 0.732469 0.406440 0.014385 0.064176
0 0.856844 0.373134 0.013073 0.054194
0 0.314112 0.386931 0.014984 0.062713
0 0.431659 0.357597 0.013099 0.056250
0 0.923469 0.381468 0.013635 0.057417
0 0.721927 0.791792 0.062365 0.157824
