0 0.535102 0.610912 0.021964 0.062528
0 0.912419 0.598861 0.022818 0.101852
0 0.247099 0.528551 0.019437 0.072843
0 0.282016 0.484565 0.013573 0.057611
0 0.372604 0.446773 0.013969 0.047991
0 0.313299 0.500949 0.015672 0.063398
0 0.475021 0.489718 0.012521 0.067028
0 0.040458 0.466287 0.012010 0.055407
0 0.452844 0.470120 0.009552 0.032833
0 0.219000 0.523648 0.015448 0.074241
0 0.452107 0.511431 0.012401 0.064991
0 0.353883 0.481444 0.012005 0.060333
1 0.786336 0.455500 0.004297 0.007833
0 0.400073 0.454208 0.012354 0.047028
0 0.061523 0.478931 0.012880 0.055676
0 0.873505 0.447014 0.011667 0.055861
0 0.697349 0.433593 0.009469 0.048537
0 0.916219 0.476574 0.015302 0.072333
