0 0.445297 0.515870 0.024042 0.069815
0 0.558422 0.669806 0.019906 0.109111
0 0.056344 0.764875 0.021448 0.117583
0 0.674898 0.537083 0.013901 0.087685
0 0.681615 0.378060 0.009583 0.041583
0 0.903612 0.404931 0.009484 0.044917
0 0.791245 0.448014 0.011219 0.058750
1 0.327443 0.488301 0.004594 0.008731
0 0.991242 0.515644 0.012714 0.069435
0 0.662961 0.533185 0.015443 0.084556
0 0.319018 0.460769 0.019193 0.067111
0 0.512549 0.416310 0.013109 0.051880
0 0.209958 0.506157 0.014958 0.066167
0 0.735995 0.518593 0.021375 0.073907
0 0.975188 0.505829 0.015135 0.073806
