0 0.147393 0.438796 0.010849 0.042407
0 0.420214 0.441380 0.012427 0.040481
0 0.876258 0.511407 0.013005 0.059333
0 0.105641 0.461843 0.009354 0.047019
0 0.553245 0.441171 0.010802 0.046120
1 0.861896 0.534204 0.005781 0.011074
0 0.255396 0.480046 0.011083 0.054685
0 0.064349 0.483745 0.010094 0.052750
0 0.273734 0.588528 0.012490 0.068593
0 0.636607 0.521421 0.010953 0.053972
0 0.029750 0.539634 0.012792 0.066435
0 0.487005 0.777963 0.021323 0.095019
0 0.225914 0.551046 0.016651 0.065056
0 0.519367 0.521037 0.010984 0.054685
0 0.186594 0.563255 0.015635 0.067343
0 0.036411 0.643801 0.019417 0.085565
0 0.481607 0.857856 0.028828 0.111269
0 0.817487 0.670685 0.017901 0.088130
0 0.920237 0.651944 0.018047 0.091093
0 0.341505 0.971361 0.032667 0.056741
0 0.141023 0.409556 0.008109 0.034315
