0 0.596682 0.331986 0.014240 0.062287
1 0.524555 0.477435 0.007245 0.012111
0 0.497021 0.447935 0.013385 0.043389
0 0.514654 0.437005 0.023755 0.091194
0 0.507849 0.357764 0.015062 0.077639
0 0.624799 0.814028 0.042172 0.191444
0 0.559284 0.499741 0.020651 0.111630
0 0.108240 0.475023 0.026458 0.111231
0 0.658380 0.711616 0.037052 0.169380
0 0.678096 0.490866 0.016536 0.104750
0 0.799786 0.451616 0.015885 0.095194
0 0.741208 0.404472 0.015302 0.088926
0 0.145648 0.438273 0.020734 0.089120
0 0.069581 0.662569 0.038630 0.158454
0 0.243031 0.390907 0.015094 0.083056
0 0.500487 0.396491 0.016203 0.074593
0 0.497904 0.510282 0.019943 0.117343
0 0.464297 0.406884 0.015802 0.076028
0 0.468081 0.358972 0.013036 0.046444
