0 0.754151 0.391255 0.018771 0.059565
0 0.475734 0.483630 0.026073 0.080444
0 0.864279 0.554759 0.020130 0.106167
0 0.375208 0.391606 0.013458 0.050546
1 0.487807 0.513500 0.006698 0.013352
0 0.704487 0.461718 0.017245 0.081454
0 0.139714 0.573968 0.022177 0.119065
0 0.503034 0.553333 0.031089 0.102241
0 0.903036 0.644426 0.030115 0.141093
0 0.799505 0.486639 0.018010 0.095685
0 0.613109 0.520537 0.021135 0.107222
0 0.538359 0.899218 0.057219 0.187713
0 0.965245 0.750782 0.061010 0.161120
0 0.541833 0.431986 0.015208 0.063009
0 0.677474 0.459713 0.020604 0.077481
0 0.976411 0.482477 0.015885 0.093843
0 0.266031 0.454435 0.017312 0.086019
0 0.881422 0.539843 0.017688 0.107500
0 0.719078 0.427931 0.014719 0.075620
