1 0.768078 0.499144 0.009896 0.013694
0 0.273323 0.531667 0.019063 0.064741
0 0.430776 0.402644 0.015125 0.053546
0 0.467302 0.352333 0.012698 0.041037
0 0.107763 0.497032 0.022839 0.064509
0 0.424536 0.491171 0.021135 0.051917
0 0.698701 0.723042 0.041630 0.117417
0 0.405539 0.595111 0.022703 0.087722
0 0.341964 0.624028 0.035385 0.081870
0 0.610799 0.452912 0.020453 0.060231
0 0.643102 0.473199 0.027464 0.059009
0 0.542372 0.428394 0.014495 0.054528
0 0.523745 0.416477 0.015344 0.041602
0 0.854357 0.608815 0.031703 0.071093
0 0.372831 0.521514 0.018745 0.058880
0 0.317336 0.933403 0.030859 0.133194
0 0.293206 0.524935 0.024078 0.066370
0 0.986742 0.689528 0.026453 0.099815
0 0.301792 0.462176 0.017490 0.068407
0 0.102508 0.527949 0.019182 0.065713
