0 0.240341 0.443898 0.030474 0.122981
0 0.051898 0.409583 0.020755 0.107222
0 0.940914 0.384481 0.017755 0.104370
1 0.434328 0.411981 0.006375 0.011593
0 0.284099 0.356657 0.015979 0.030685
0 0.298258 0.420551 0.016807 0.132194
0 0.113594 0.373847 0.016802 0.096139
0 0.225198 0.408894 0.021708 0.111546
0 0.283591 0.427440 0.018661 0.121417
0 0.474214 0.378907 0.021375 0.099019
0 0.128346 0.383250 0.017161 0.098611
0 0.917992 0.398898 0.019151 0.101593
0 0.456479 0.452847 0.024010 0.120509
0 0.668599 0.426537 0.018323 0.118870
1 0.481961 0.368171 0.007109 0.013583
0 0.089242 0.382023 0.021464 0.098769
0 0.845065 0.395227 0.021745 0.114361
0 0.551568 0.380819 0.016083 0.071139
0 0.348023 0.546505 0.036099 0.176491
