0 0.784016 0.518514 0.010698 0.053509
0 0.506633 0.650403 0.017870 0.099824
0 0.083901 0.629875 0.022635 0.099287
0 0.367031 0.589704 0.017833 0.085074
0 0.554182 0.567926 0.014979 0.071889
0 0.308438 0.535639 0.011927 0.062019
0 0.231479 0.529227 0.014365 0.066694
0 0.821922 0.547194 0.011917 0.068019
0 0.608359 0.549051 0.010781 0.061583
0 0.154401 0.555907 0.011531 0.073370
0 0.273099 0.529356 0.009479 0.060620
0 0.496008 0.495079 0.010984 0.046917
0 0.675281 0.522903 0.012281 0.059398
0 0.483844 0.588273 0.018406 0.091769
0 0.461792 0.483940 0.009365 0.045565
0 0.680216 0.493602 0.011349 0.043796
0 0.309708 0.467606 0.008844 0.034287
0 0.474331 0.512273 0.009380 0.048676
0 0.469250 0.516676 0.009427 0.044926
0 0.470880 0.557546 0.013740 0.071185
0 0.486034 0.544889 0.015036 0.036333
