0 0.163258 0.507949 0.025453 0.105120
0 0.339823 0.505426 0.025042 0.111204
0 0.569057 0.520241 0.018417 0.093019
0 0.407651 0.528542 0.025958 0.103102
0 0.015440 0.537255 0.023120 0.117491
0 0.259044 0.558296 0.025005 0.115111
1 0.346995 0.238009 0.010490 0.018093
0 0.586771 0.507829 0.021417 0.105287
0 0.556510 0.557167 0.026333 0.130648
0 0.777318 0.550106 0.022562 0.105269
0 0.431188 0.527787 0.020083 0.086093
0 0.483805 0.489505 0.023974 0.102324
0 0.284458 0.481380 0.018854 0.091574
0 0.222276 0.509588 0.021948 0.102602
0 0.804229 0.495157 0.022990 0.094093
