1 0.796984 0.505116 0.010240 0.017398
0 0.440805 0.426245 0.021411 0.091620
0 0.344839 0.480676 0.021667 0.119759
0 0.418536 0.489653 0.025635 0.112528
0 0.445182 0.571023 0.030177 0.146250
0 0.315044 0.389032 0.014693 0.079880
0 0.839143 0.461139 0.020266 0.105481
0 0.253451 0.394245 0.014401 0.084472
0 0.651091 0.365736 0.015839 0.072046
0 0.114448 0.681375 0.038896 0.194898
0 0.557013 0.413958 0.016047 0.091102
0 0.985331 0.432708 0.016964 0.088528
0 0.558456 0.502037 0.043943 0.109222
0 0.598716 0.508421 0.027026 0.122009
0 0.725836 0.527796 0.030870 0.127204
0 0.527927 0.499977 0.024427 0.107157
0 0.331891 0.333713 0.014229 0.060704
0 0.120862 0.435116 0.020693 0.099176
0 0.534701 0.435468 0.023307 0.056102
0 0.784271 0.808875 0.046219 0.100083
