0 0.446237 0.598468 0.028505 0.150176
0 0.918815 0.501944 0.034057 0.130833
0 0.626643 0.510690 0.018766 0.104713
0 0.609307 0.509514 0.021344 0.096398
0 0.788758 0.478111 0.021755 0.102852
0 0.977570 0.499148 0.026026 0.120574
0 0.861169 0.583236 0.029734 0.152546
0 0.803797 0.495444 0.023958 0.119444
0 0.682732 0.558259 0.053099 0.154074
0 0.947982 0.554306 0.059641 0.131556
0 0.320161 0.517866 0.025115 0.116491
0 0.680633 0.487116 0.022026 0.102657
0 0.605099 0.627579 0.046000 0.170435
0 0.639685 0.534259 0.025932 0.139611
