0 0.165128 0.567426 0.021276 0.089389
0 0.968500 0.557347 0.018010 0.091343
0 0.957594 0.790995 0.051708 0.176694
0 0.695255 0.544366 0.020260 0.077769
0 0.353672 0.507301 0.022625 0.074694
0 0.806807 0.519519 0.017458 0.077611
0 0.070005 0.533208 0.022938 0.085287
0 0.863867 0.526227 0.015411 0.078306
0 0.152323 0.535894 0.017667 0.081231
0 0.469885 0.573481 0.021833 0.096130
0 0.019945 0.495255 0.022099 0.071472
0 0.458578 0.537630 0.019406 0.081333
0 0.284729 0.509361 0.020458 0.074259
0 0.476781 0.561204 0.012750 0.090556
1 0.884617 0.548426 0.007995 0.011722
0 0.191932 0.649222 0.043573 0.121759
0 0.084320 0.556056 0.029141 0.096926
0 0.405891 0.534079 0.022260 0.086954
0 0.992284 0.597856 0.015432 0.107380
0 0.909393 0.595310 0.016839 0.103713
