0 0.796635 0.419273 0.015563 0.075176
0 0.882133 0.433481 0.015234 0.076704
0 0.685643 0.474472 0.021099 0.124778
0 0.856221 0.386907 0.014859 0.067074
0 0.694562 0.400921 0.016104 0.070157
0 0.550448 0.479602 0.018625 0.088333
0 0.555169 0.412301 0.014474 0.070731
0 0.930831 0.419866 0.015286 0.074917
0 0.203867 0.450148 0.019516 0.094907
0 0.963867 0.438935 0.017172 0.087981
0 0.130870 0.471375 0.027667 0.098380
0 0.645435 0.578218 0.022776 0.140194
0 0.271083 0.536130 0.030188 0.129519
1 0.105888 0.702375 0.012682 0.020806
0 0.225615 0.419625 0.017167 0.080694
1 0.839404 0.170671 0.006505 0.011083
0 0.075172 0.627750 0.043260 0.148685
