0 0.614341 0.463148 0.022901 0.113037
0 0.119583 0.458477 0.031063 0.110009
0 0.368924 0.447176 0.033026 0.101259
0 0.682560 0.426125 0.024880 0.106046
0 0.760393 0.449708 0.022016 0.116972
1 0.381031 0.415523 0.008750 0.014972
0 0.606708 0.421921 0.018396 0.096694
1 0.164563 0.421250 0.007417 0.011889
0 0.780885 0.434838 0.022812 0.106546
0 0.916357 0.465032 0.023609 0.125620
0 0.926365 0.489847 0.028875 0.132639
0 0.526031 0.485537 0.026010 0.123148
0 0.494638 0.419088 0.019453 0.099917
0 0.199255 0.436532 0.021865 0.104917
0 0.590083 0.387014 0.021625 0.050194
0 0.586914 0.441361 0.022214 0.111444
0 0.785258 0.496963 0.027130 0.138722
0 0.280768 0.544560 0.026359 0.145083
