0 0.338859 0.417944 0.022167 0.124833
0 0.057703 0.337593 0.018406 0.091963
0 0.954609 0.437472 0.026010 0.133222
0 0.265411 0.439148 0.028437 0.126981
0 0.229315 0.376361 0.025432 0.109481
0 0.706086 0.364065 0.021391 0.098907
0 0.926805 0.388912 0.022057 0.117583
0 0.419208 0.449481 0.023021 0.141500
0 0.762971 0.420829 0.025432 0.126713
0 0.252346 0.347204 0.020609 0.094389
0 0.607052 0.331162 0.019083 0.093676
0 0.282529 0.376778 0.022339 0.106037
0 0.345852 0.432032 0.021703 0.115065
0 0.576948 0.368185 0.027313 0.094611
1 0.663682 0.407458 0.008469 0.014898
0 0.570609 0.310551 0.019385 0.042565
0 0.355414 0.330301 0.022589 0.092824
