0 0.242651 0.557602 0.026417 0.099259
0 0.525367 0.527449 0.029995 0.105361
0 0.592008 0.618625 0.037943 0.147269
0 0.703385 0.544602 0.028250 0.112130
0 0.304102 0.565208 0.061443 0.107713
0 0.057724 0.599718 0.038604 0.113528
0 0.992385 0.579657 0.015229 0.135222
0 0.374867 0.504755 0.017130 0.091583
0 0.856362 0.498935 0.029453 0.080296
0 0.363435 0.568843 0.052641 0.101648
0 0.397258 0.508847 0.020620 0.090102
1 0.274878 0.609579 0.011432 0.017454
0 0.770667 0.453745 0.027896 0.070324
0 0.347055 0.502491 0.022391 0.075056
