0 0.925013 0.505412 0.022901 0.110324
1 0.867734 0.484144 0.009229 0.016157
0 0.347099 0.481523 0.017531 0.108769
0 0.337404 0.386176 0.014099 0.072870
0 0.332557 0.489588 0.017625 0.110454
0 0.305667 0.552917 0.025177 0.142852
0 0.879310 0.510380 0.023755 0.109519
0 0.285120 0.559532 0.027833 0.142972
0 0.402393 0.446102 0.017182 0.096593
0 0.036388 0.559491 0.039328 0.142352
0 0.644766 0.506130 0.032625 0.101037
0 0.196203 0.404407 0.017062 0.087704
0 0.667484 0.471125 0.019104 0.101769
0 0.117940 0.404880 0.021089 0.087185
0 0.703076 0.474338 0.019599 0.101176
0 0.577680 0.510917 0.028922 0.118370
