0 0.290638 0.432657 0.018130 0.091222
0 0.042797 0.469856 0.024406 0.114843
0 0.704060 0.430958 0.018484 0.084694
0 0.263120 0.535023 0.032354 0.129231
0 0.987870 0.469491 0.017990 0.100019
0 0.676484 0.385782 0.013823 0.073694
0 0.472831 0.384861 0.015484 0.062963
0 0.669266 0.410727 0.013125 0.075102
0 0.598190 0.391792 0.016474 0.068917
0 0.652042 0.388000 0.012698 0.076500
0 0.435143 0.390824 0.013005 0.074537
0 0.378328 0.390634 0.011740 0.070565
0 0.547049 0.404056 0.014505 0.076259
0 0.869094 0.419093 0.013198 0.082852
0 0.325977 0.410606 0.013901 0.076287
0 0.827362 0.412468 0.019734 0.093102
0 0.854313 0.458028 0.017062 0.091315
0 0.268677 0.416644 0.019948 0.080824
