0 0.641753 0.421671 0.024974 0.074361
0 0.986255 0.505537 0.026385 0.115759
0 0.647398 0.850199 0.053339 0.251250
1 0.304701 0.484259 0.006495 0.011870
0 0.397724 0.507102 0.021156 0.108259
0 0.706398 0.398134 0.018370 0.069194
0 0.428549 0.455352 0.016755 0.076556
0 0.484505 0.463245 0.020729 0.069269
0 0.810362 0.430944 0.021672 0.075444
0 0.299898 0.455431 0.019661 0.075750
0 0.726000 0.484968 0.024396 0.098417
0 0.490805 0.514542 0.020953 0.104806
0 0.934414 0.452505 0.023620 0.094880
0 0.441055 0.483810 0.027672 0.076213
0 0.484964 0.453472 0.021031 0.050370
0 0.157318 0.428944 0.021500 0.071537
0 0.792469 0.411083 0.015844 0.076907
0 0.451656 0.570750 0.027667 0.141333
0 0.839901 0.460565 0.021354 0.094148
