0 0.963211 0.343356 0.021786 0.101417
0 0.131859 0.348301 0.015948 0.094694
0 0.912312 0.396838 0.028198 0.127620
0 0.737182 0.274542 0.012260 0.043454
0 0.857503 0.391375 0.028453 0.122009
0 0.770760 0.405810 0.025083 0.117269
1 0.623891 0.697097 0.017667 0.031213
0 0.460641 0.280259 0.021312 0.063056
0 0.289878 0.267931 0.016911 0.060546
0 0.505125 0.257528 0.014219 0.061778
0 0.065552 0.281449 0.018552 0.061509
0 0.393568 0.274032 0.017062 0.064028
0 0.685797 0.267509 0.016125 0.060648
0 0.877826 0.286810 0.014099 0.081657
0 0.733490 0.301116 0.016698 0.075972
0 0.866135 0.294287 0.019104 0.081833
0 0.319773 0.304500 0.021620 0.065148
0 0.417224 0.273509 0.015375 0.057759
0 0.034932 0.291227 0.015250 0.061880
0 0.839771 0.272778 0.016583 0.071870
0 0.781440 0.282926 0.016484 0.068852
0 0.704258 0.303630 0.015807 0.077981
