1 0.366779 0.586431 0.010391 0.016139
0 0.495049 0.453565 0.021974 0.105852
0 0.775180 0.462444 0.022786 0.104204
0 0.217242 0.519861 0.033078 0.102833
0 0.684133 0.415449 0.029089 0.089731
0 0.161474 0.528440 0.026448 0.109380
0 0.874654 0.475102 0.015922 0.109667
0 0.067370 0.495648 0.039083 0.108907
0 0.589867 0.407926 0.018651 0.081037
0 0.723888 0.382782 0.017297 0.077583
0 0.344633 0.452755 0.015849 0.087102
0 0.230698 0.457699 0.020656 0.088102
0 0.384487 0.445634 0.018599 0.088528
0 0.763516 0.381056 0.014573 0.069148
0 0.406065 0.520287 0.023068 0.121611
0 0.388635 0.533227 0.019219 0.131676
0 0.467271 0.379134 0.020427 0.053454
0 0.494289 0.398787 0.020682 0.045463
