0 0.135464 0.458199 0.033979 0.111528
1 0.526266 0.443514 0.008292 0.013417
0 0.764815 0.479222 0.027932 0.084704
0 0.763779 0.506514 0.027703 0.140750
0 0.534451 0.407769 0.021901 0.095667
0 0.376786 0.418519 0.017854 0.094444
0 0.353516 0.432472 0.017281 0.095981
0 0.169849 0.414801 0.019156 0.100435
0 0.037401 0.439190 0.021490 0.100861
0 0.600594 0.427676 0.021271 0.104556
0 0.554852 0.419634 0.023380 0.099546
0 0.104758 0.430685 0.024693 0.100926
0 0.855888 0.641736 0.041911 0.177602
0 0.209729 0.481083 0.034500 0.119259
0 0.772146 0.570667 0.027031 0.159833
0 0.073315 0.452296 0.028943 0.116111
0 0.646602 0.684412 0.054182 0.197324
0 0.468732 0.437259 0.026318 0.044148
1 0.389906 0.452551 0.007698 0.014398
