0 0.491263 0.455926 0.014849 0.084426
0 0.553716 0.453847 0.012495 0.077806
0 0.476044 0.475352 0.018120 0.091704
0 0.591503 0.443060 0.012964 0.074417
0 0.343573 0.688218 0.050625 0.151176
0 0.879750 0.548671 0.020010 0.107546
0 0.794482 0.493981 0.017745 0.087352
0 0.276060 0.602426 0.023234 0.128463
0 0.639969 0.463310 0.014604 0.080194
0 0.752388 0.400361 0.015859 0.058685
0 0.454198 0.471440 0.016458 0.090398
0 0.396971 0.490282 0.015661 0.093176
1 0.367674 0.747880 0.012099 0.022056
0 0.411987 0.485856 0.015714 0.093972
0 0.515687 0.440759 0.012375 0.052500
0 0.441818 0.474565 0.019229 0.085648
0 0.409656 0.491593 0.014875 0.093778
0 0.149935 0.448644 0.022880 0.059972
0 0.508471 0.470819 0.018495 0.090213
0 0.578328 0.445583 0.014219 0.074796
0 0.540901 0.453616 0.014844 0.080861
0 0.418070 0.467273 0.016599 0.084287
0 0.584891 0.494231 0.013823 0.088407
