0 0.867122 0.366458 0.032557 0.114639
0 0.586023 0.507421 0.036901 0.141454
0 0.217737 0.505069 0.060099 0.173713
1 0.248362 0.578398 0.015557 0.023167
0 0.215211 0.315995 0.020807 0.088694
0 0.930563 0.411097 0.051594 0.118306
0 0.184547 0.252449 0.020906 0.069028
0 0.347302 0.251898 0.020187 0.073241
0 0.143576 0.265125 0.019901 0.071139
0 0.462568 0.280551 0.022562 0.076083
0 0.455313 0.350671 0.018906 0.100880
0 0.493958 0.343718 0.022687 0.100231
0 0.844578 0.347560 0.042240 0.093750
0 0.626276 0.435894 0.046656 0.144639
0 0.194253 0.369407 0.041714 0.115444
0 0.609583 0.290282 0.028688 0.075602
0 0.287609 0.286412 0.016698 0.077083
0 0.793500 0.328097 0.020792 0.099583
0 0.720049 0.318278 0.022068 0.082796
