0 0.286893 0.495829 0.042901 0.107620
1 0.367451 0.431065 0.016922 0.032574
0 0.994766 0.357954 0.010469 0.108037
0 0.496898 0.802046 0.045005 0.167963
0 0.853750 0.416208 0.025385 0.109583
0 0.527937 0.704116 0.033729 0.175157
0 0.461578 0.325801 0.023031 0.097898
0 0.934008 0.400606 0.028130 0.108750
0 0.720995 0.600227 0.031844 0.150602
0 0.407320 0.345329 0.021432 0.096231
0 0.953219 0.331167 0.019417 0.090444
0 0.720570 0.370472 0.024776 0.098556
0 0.460013 0.554634 0.045380 0.167750
0 0.815719 0.280616 0.020917 0.084602
0 0.428747 0.351546 0.028266 0.094926
0 0.883563 0.541292 0.029125 0.124917
0 0.647120 0.248861 0.019781 0.074241
0 0.728385 0.186301 0.019531 0.068454
0 0.452826 0.575324 0.031974 0.125963
0 0.627437 0.767731 0.040969 0.144981
