0 0.144917 0.410181 0.016104 0.067231
0 0.079005 0.370722 0.017708 0.066815
0 0.178867 0.468440 0.017411 0.076528
0 0.449294 0.518833 0.022599 0.093204
0 0.764516 0.452310 0.025521 0.074472
0 0.690641 0.410560 0.014656 0.078546
0 0.884005 0.483111 0.021625 0.077426
0 0.833849 0.455731 0.030750 0.073630
0 0.607635 0.442130 0.026573 0.069333
0 0.024362 0.513769 0.017432 0.092037
0 0.477956 0.469514 0.018974 0.085065
0 0.383661 0.373426 0.019323 0.059852
0 0.434836 0.421856 0.014953 0.073750
0 0.828414 0.627500 0.038286 0.099056
0 0.340242 0.482028 0.019911 0.071074
0 0.314148 0.416028 0.015422 0.071741
0 0.795380 0.589597 0.040375 0.094935
0 0.008687 0.623032 0.017375 0.110269
0 0.476938 0.386366 0.015458 0.064472
1 0.841807 0.374620 0.007198 0.014519
0 0.351604 0.399074 0.019031 0.071556
0 0.004534 0.456764 0.009026 0.095435
