0 0.143039 0.418282 0.036151 0.089917
0 0.693211 0.461366 0.025161 0.085769
0 0.185034 0.659120 0.033641 0.136074
0 0.941893 0.466435 0.025422 0.094259
0 0.861836 0.466745 0.021797 0.106139
0 0.122435 0.508583 0.023943 0.121056
0 0.485198 0.844403 0.045365 0.162528
0 0.792685 0.460569 0.031474 0.088880
0 0.788388 0.538019 0.031641 0.095185
0 0.113398 0.667352 0.052891 0.126481
0 0.806612 0.655009 0.051839 0.116444
0 0.861859 0.388231 0.015490 0.040944
0 0.848482 0.408819 0.017724 0.078102
0 0.652026 0.451069 0.033031 0.085454
1 0.837669 0.512671 0.010651 0.017120
