0 0.743042 0.531162 0.019656 0.097028
0 0.353695 0.449833 0.014120 0.088241
0 0.599401 0.541792 0.019406 0.103602
0 0.534602 0.484875 0.020870 0.094435
0 0.851044 0.538412 0.015995 0.095935
0 0.417763 0.583995 0.028953 0.113361
0 0.821766 0.361102 0.015583 0.064574
0 0.373292 0.454556 0.016490 0.092278
0 0.304281 0.483389 0.022313 0.095000
0 0.409065 0.455468 0.021151 0.086824
0 0.447990 0.508097 0.026792 0.092231
0 0.412893 0.407130 0.013234 0.035222
0 0.318625 0.476931 0.017885 0.101120
0 0.397185 0.452120 0.016307 0.083093
0 0.779247 0.348551 0.016349 0.058306
0 0.315016 0.417125 0.020313 0.054602
0 0.333995 0.452495 0.015125 0.082472
0 0.344857 0.450991 0.016099 0.086796
0 0.525924 0.484889 0.015130 0.089574
1 0.763161 0.378495 0.006052 0.011694
