0 0.830849 0.478088 0.015250 0.076843
0 0.047404 0.656051 0.027547 0.118602
0 0.878474 0.558278 0.018260 0.091759
0 0.688680 0.431204 0.017891 0.057519
0 0.712469 0.654148 0.036719 0.111352
0 0.462888 0.492755 0.014401 0.068398
0 0.441174 0.480060 0.013443 0.069120
0 0.283141 0.441574 0.013937 0.064963
0 0.460435 0.412514 0.013568 0.045769
0 0.959740 0.548000 0.017406 0.089111
0 0.521451 0.440856 0.015974 0.055028
0 0.637971 0.437630 0.015557 0.061407
0 0.718979 0.431065 0.013094 0.059056
0 0.663914 0.394208 0.012380 0.053194
0 0.322266 0.450023 0.013990 0.067231
0 0.052724 0.398523 0.013656 0.053954
0 0.626513 0.397329 0.011641 0.055083
0 0.433375 0.408542 0.012479 0.048769
0 0.472799 0.422056 0.012359 0.058056
0 0.510219 0.412032 0.011083 0.032917
