0 0.677977 0.399162 0.016755 0.065306
0 0.956995 0.542306 0.021063 0.103185
0 0.678195 0.413866 0.016776 0.092620
1 0.252867 0.372236 0.005974 0.011824
0 0.686661 0.444602 0.020167 0.079926
0 0.695268 0.420773 0.016214 0.092806
0 0.205740 0.624704 0.023187 0.102667
0 0.320008 0.385759 0.016078 0.067444
0 0.574643 0.457306 0.017964 0.087593
0 0.820680 0.357588 0.013151 0.078009
0 0.207240 0.536273 0.020021 0.092898
0 0.382969 0.408514 0.016708 0.085861
0 0.507266 0.408130 0.015198 0.075981
0 0.288523 0.431755 0.022776 0.082676
0 0.176448 0.363787 0.013792 0.063056
0 0.610612 0.392884 0.022411 0.084380
0 0.344503 0.492426 0.020849 0.094167
0 0.453117 0.373264 0.019286 0.070917
0 0.233208 0.881458 0.030958 0.162454
0 0.316932 0.876704 0.031135 0.167519
0 0.832708 0.527565 0.025854 0.105222
0 0.760143 0.432921 0.024328 0.096380
