0 0.550557 0.367981 0.025021 0.092074
0 0.462146 0.207583 0.013115 0.051537
0 0.579521 0.187444 0.011521 0.052537
0 0.033245 0.211366 0.015198 0.063935
0 0.693849 0.199222 0.015490 0.055815
0 0.141706 0.178699 0.016443 0.049954
0 0.456029 0.160236 0.011495 0.052176
0 0.451555 0.691921 0.070734 0.083231
1 0.581039 0.409088 0.015318 0.024046
0 0.376044 0.694375 0.046286 0.170417
0 0.269661 0.262782 0.017250 0.071231
0 0.503536 0.253444 0.014521 0.064130
0 0.990049 0.430699 0.019901 0.099583
0 0.334096 0.402005 0.021318 0.098750
0 0.330596 0.299602 0.017536 0.076519
0 0.129669 0.288213 0.019307 0.080315
0 0.552484 0.319537 0.019271 0.030759
0 0.953552 0.236264 0.019292 0.069676
