0 0.653297 0.345824 0.027177 0.109593
0 0.476661 0.432347 0.023385 0.125213
0 0.416115 0.170162 0.015802 0.071269
0 0.111815 0.319528 0.021703 0.102907
0 0.527542 0.585324 0.033635 0.153667
0 0.022182 0.331472 0.022573 0.122704
0 0.788083 0.359731 0.020698 0.107444
0 0.171581 0.277671 0.020286 0.102954
0 0.436990 0.319398 0.031365 0.106611
0 0.627628 0.246542 0.029589 0.088583
0 0.560451 0.268662 0.031734 0.096787
0 0.931242 0.507509 0.031536 0.132204
1 0.544786 0.312412 0.008604 0.014583
0 0.954823 0.312903 0.026813 0.097731
