0 0.547570 0.433389 0.023786 0.095648
0 0.819927 0.547519 0.040469 0.098741
0 0.085964 0.317338 0.018281 0.089972
0 0.874823 0.705912 0.043406 0.133602
0 0.814859 0.269546 0.019104 0.070944
0 0.417531 0.334782 0.019042 0.084435
0 0.870794 0.296273 0.016339 0.078917
0 0.492979 0.405426 0.022542 0.098481
0 0.711156 0.328949 0.017083 0.087083
0 0.619635 0.287278 0.017563 0.081981
0 0.672312 0.860796 0.047917 0.153426
0 0.997794 0.324245 0.004411 0.082898
1 0.723596 0.584120 0.010266 0.017481
0 0.684612 0.215565 0.015661 0.070093
0 0.685063 0.171292 0.014750 0.039306
0 0.818258 0.215454 0.014380 0.046241
0 0.202378 0.476880 0.019443 0.109167
0 0.645971 0.184843 0.014932 0.064926
0 0.759258 0.555222 0.022141 0.113093
0 0.304094 0.233940 0.014552 0.071435
