0 0.396104 0.355093 0.012396 0.057333
0 0.383125 0.507144 0.022406 0.070213
0 0.353344 0.407648 0.017750 0.067352
0 0.781273 0.458301 0.014516 0.066898
0 0.496341 0.647898 0.019120 0.084426
0 0.719591 0.559528 0.015922 0.081981
0 0.180542 0.793810 0.023375 0.120620
0 0.501221 0.835759 0.032120 0.102611
0 0.153083 0.659037 0.021958 0.091500
1 0.582284 0.804333 0.010026 0.017815
0 0.516664 0.261329 0.013703 0.044343
0 0.025953 0.406343 0.016302 0.068148
0 0.717729 0.284801 0.009646 0.044343
0 0.833469 0.596435 0.024510 0.090000
0 0.674029 0.337028 0.012693 0.051704
0 0.515620 0.477606 0.015688 0.071120
0 0.519383 0.419338 0.013745 0.063287
0 0.474656 0.359269 0.012375 0.056537
0 0.429333 0.363630 0.011781 0.056556
0 0.821828 0.460620 0.019260 0.074630
0 0.631206 0.554056 0.021401 0.074741
0 0.854172 0.608370 0.027167 0.071019
0 0.328763 0.502019 0.024214 0.074833
