0 0.814917 0.354204 0.013396 0.067056
0 0.180409 0.383264 0.015911 0.062787
0 0.215198 0.312657 0.010490 0.060074
0 0.919953 0.307023 0.010917 0.056435
0 0.567302 0.306662 0.013948 0.051435
0 0.903320 0.297481 0.010349 0.053500
0 0.497237 0.276759 0.012016 0.055611
0 0.491906 0.332417 0.019573 0.062907
1 0.455599 0.336537 0.007010 0.010889
0 0.321203 0.253653 0.012083 0.050065
0 0.944703 0.730431 0.019292 0.120991
0 0.763654 0.485361 0.016974 0.086222
0 0.598971 0.399542 0.015464 0.070769
0 0.937828 0.547356 0.017188 0.086843
0 0.329607 0.401750 0.017026 0.069130
0 0.991828 0.475120 0.015833 0.085519
0 0.632326 0.445287 0.021797 0.081852
0 0.789536 0.359829 0.011677 0.064472
0 0.239568 0.433389 0.016542 0.076852
0 0.833664 0.941801 0.022901 0.113583
