0 0.308469 0.538278 0.027229 0.086741
0 0.761018 0.484231 0.025682 0.078333
0 0.749333 0.399708 0.019312 0.065435
0 0.305164 0.332634 0.015536 0.056824
0 0.711703 0.292347 0.015417 0.052731
0 0.445969 0.452310 0.017563 0.058769
0 0.202594 0.360481 0.015500 0.056389
0 0.530156 0.368755 0.014156 0.060269
0 0.733763 0.376787 0.012714 0.058000
0 0.807883 0.364801 0.020714 0.069343
0 0.665612 0.487051 0.018057 0.073713
0 0.856771 0.353255 0.016333 0.064528
0 0.620229 0.366866 0.022698 0.059546
0 0.849716 0.439477 0.023401 0.077343
0 0.987081 0.580481 0.024870 0.095074
0 0.239763 0.468843 0.020255 0.076167
0 0.877164 0.457861 0.028578 0.084852
0 0.498279 0.431509 0.015536 0.072352
0 0.714404 0.510005 0.025672 0.080806
0 0.412130 0.643185 0.017115 0.092926
0 0.530518 0.620866 0.029964 0.094843
0 0.181893 0.246264 0.016005 0.044009
1 0.315677 0.371282 0.006865 0.013565
