0 0.603279 0.545046 0.029453 0.104093
0 0.771781 0.583102 0.023708 0.107926
0 0.349719 0.365704 0.022333 0.066593
1 0.586417 0.453542 0.008833 0.016917
0 0.662797 0.607806 0.022010 0.120778
0 0.546229 0.783630 0.041313 0.148463
0 0.774299 0.741287 0.034547 0.139648
0 0.202716 0.713972 0.032786 0.131074
0 0.275201 0.670699 0.023693 0.128343
0 0.539180 0.631245 0.026224 0.135009
0 0.517266 0.411606 0.024625 0.100935
0 0.574344 0.607477 0.023021 0.128139
0 0.214620 0.530306 0.027229 0.118426
0 0.364630 0.343968 0.019740 0.081454
0 0.210865 0.446097 0.018417 0.072157
0 0.215401 0.979602 0.025094 0.040796
0 0.499044 0.468046 0.021536 0.089833
0 0.389844 0.445278 0.024219 0.108019
0 0.594901 0.302032 0.025844 0.094935
