1 0.686958 0.585032 0.012583 0.015380
0 0.063576 0.550125 0.022474 0.129713
0 0.266299 0.539458 0.024672 0.051380
0 0.269766 0.613255 0.025365 0.121880
0 0.404729 0.336315 0.023750 0.102315
0 0.223930 0.213556 0.021214 0.077204
0 0.773375 0.232917 0.019552 0.088389
0 0.130544 0.377074 0.021797 0.105963
0 0.637586 0.652458 0.042005 0.125639
0 0.836773 0.189625 0.017318 0.074991
0 0.634724 0.392477 0.029177 0.103065
0 0.256185 0.184204 0.018224 0.081796
0 0.736086 0.623199 0.037474 0.142176
0 0.650810 0.525218 0.046057 0.096861
0 0.696445 0.529639 0.047057 0.091093
