0 0.155615 0.932500 0.031594 0.132370
0 0.742000 0.677894 0.026490 0.131694
0 0.930154 0.472523 0.022724 0.103213
0 0.237005 0.795278 0.021375 0.145889
0 0.574018 0.437954 0.020839 0.101704
0 0.605310 0.392222 0.020911 0.087407
0 0.808799 0.766685 0.025807 0.148056
0 0.830971 0.490759 0.022359 0.106185
0 0.843438 0.534722 0.024010 0.110444
0 0.912615 0.250648 0.020375 0.072056
0 0.331344 0.390986 0.019865 0.088231
0 0.672659 0.479861 0.022734 0.111352
0 0.474763 0.504759 0.023964 0.111370
0 0.462250 0.457745 0.022833 0.104620
0 0.573286 0.374440 0.015323 0.054898
0 0.680336 0.443542 0.020682 0.086565
1 0.557846 0.354505 0.008672 0.015157
0 0.578609 0.604028 0.025427 0.115111
