0 0.280169 0.728787 0.032849 0.125093
1 0.609323 0.496218 0.008885 0.013509
0 0.734219 0.481407 0.018271 0.086889
0 0.440534 0.442472 0.018911 0.055981
0 0.503516 0.412412 0.023490 0.061491
0 0.676172 0.567560 0.025427 0.098287
0 0.319151 0.497282 0.022437 0.091324
0 0.652232 0.477491 0.023630 0.076204
0 0.508419 0.358431 0.015484 0.071843
0 0.243813 0.609394 0.033490 0.104991
0 0.630815 0.464481 0.023172 0.074407
0 0.751297 0.559977 0.019292 0.093472
0 0.327487 0.530097 0.020255 0.084639
0 0.288581 0.730130 0.050266 0.127574
0 0.443255 0.499907 0.018187 0.086093
