0 0.352573 0.383134 0.023521 0.086250
0 0.362930 0.380171 0.019432 0.085287
0 0.358672 0.382667 0.025135 0.085704
0 0.504901 0.392125 0.022531 0.081435
0 0.777596 0.541366 0.021734 0.108472
0 0.935802 0.540532 0.024490 0.129657
0 0.386987 0.471894 0.022547 0.106917
0 0.892219 0.499287 0.022521 0.108926
0 0.974208 0.571412 0.019979 0.116713
0 0.299224 0.620250 0.029031 0.127111
0 0.552370 0.400856 0.024406 0.078306
0 0.404424 0.549019 0.020401 0.102833
0 0.204477 0.474500 0.022245 0.105222
0 0.102003 0.898000 0.030057 0.154352
1 0.477266 0.412384 0.009177 0.013898
0 0.958221 0.559810 0.020297 0.124083
0 0.295992 0.857755 0.028828 0.161769
