0 0.250969 0.644176 0.022042 0.133611
1 0.564161 0.506537 0.010115 0.016389
0 0.865005 0.933319 0.032833 0.130824
0 0.555779 0.470801 0.023370 0.057454
0 0.844122 0.509287 0.019661 0.110574
0 0.728576 0.422898 0.025641 0.094148
0 0.069135 0.479051 0.030771 0.111269
0 0.322091 0.314458 0.023484 0.068454
0 0.676107 0.380861 0.032755 0.070333
0 0.671977 0.549269 0.027339 0.093333
0 0.374120 0.486403 0.018958 0.107102
0 0.424992 0.510764 0.021776 0.113843
0 0.588102 0.465745 0.025797 0.081472
0 0.435602 0.375597 0.015547 0.075065
0 0.572081 0.457370 0.020005 0.074333
0 0.173112 0.794819 0.036901 0.153546
