0 0.992536 0.428329 0.014927 0.102583
0 0.762935 0.295671 0.021068 0.096769
0 0.521018 0.380319 0.021911 0.097454
0 0.398302 0.455815 0.027000 0.114704
0 0.817292 0.385574 0.021740 0.100000
0 0.481760 0.330870 0.020656 0.092278
0 0.107935 0.367306 0.027234 0.115667
0 0.821937 0.293440 0.021500 0.090380
0 0.609523 0.369870 0.025318 0.111963
0 0.837786 0.434986 0.023646 0.105287
1 0.473690 0.504384 0.014151 0.016991
0 0.795206 0.192782 0.017443 0.076176
0 0.858698 0.429838 0.023781 0.110824
0 0.731409 0.492708 0.036161 0.119769
