0 0.970068 0.513926 0.024906 0.121370
0 0.676026 0.338815 0.018646 0.086630
0 0.483016 0.488653 0.022125 0.105009
0 0.281247 0.442565 0.020286 0.107204
0 0.736758 0.544444 0.026484 0.122278
0 0.453773 0.391495 0.021505 0.094417
0 0.264685 0.565819 0.024807 0.123417
0 0.383734 0.394546 0.021958 0.095222
0 0.202052 0.445120 0.022500 0.100556
0 0.959935 0.856079 0.036005 0.175213
0 0.242490 0.786977 0.029104 0.158269
0 0.199107 0.353884 0.030026 0.091713
0 0.512698 0.369181 0.027135 0.099898
1 0.642146 0.341083 0.007510 0.012204
0 0.688664 0.326778 0.016130 0.092796
0 0.470872 0.549579 0.035714 0.125102
